0.41373,0.10617,0.02723,0.00721,0.0018,0.0,0.0,0.0,0.0,0.0,0.0,0.0,0.0,0.0,0.0,0.0,0.0,0.0,0.0,0.0,0.0,0.0,0.0,0.0,0.0,0.0,0.0,0.0,0.0,0.0,0.0,0.0,0.0,0.0,0.0,0.0,0.0,0.0,0.0,0.0,0.0,0.0,0.0,0.0,0.0,0.0,0.0,0.0,0.0,0.0,0.0,0.0,0.0,0.0,0.0,0.0,0.0,0.0,0.0,0.0,0.0,0.0,0.0,0.0,0.0,0.0,0.0,0.0,0.0,0.0,0.0,0.0,0.0,0.0,0.0,0.0,0.0,0.0,0.0,0.0,0.0,0.0,0.0,0.0,0.0,0.0,0.0,0.0,0.0,0.0,0.0,0.0,0.0,0.0,0.0,0.0,0.0,0.0,0.0,0.0,
0.75553,0.36249,0.20636,0.09196,0.04843,0.02226,0.01111,0.00471,0.0,0.0,0.0,0.0,0.0,0.0,0.0,0.0,0.0,0.0,0.0,0.0,0.0,0.0,0.0,0.0,0.0,0.0,0.0,0.0,0.0,0.0,0.0,0.0,0.0,0.0,0.0,0.0,0.0,0.0,0.0,0.0,0.0,0.0,0.0,0.0,0.0,0.0,0.0,0.0,0.0,0.0,0.0,0.0,0.0,0.0,0.0,0.0,0.0,0.0,0.0,0.0,0.0,0.0,0.0,0.0,0.0,0.0,0.0,0.0,0.0,0.0,0.0,0.0,0.0,0.0,0.0,0.0,0.0,0.0,0.0,0.0,0.0,0.0,0.0,0.0,0.0,0.0,0.0,0.0,0.0,0.0,0.0,0.0,0.0,0.0,0.0,0.0,0.0,0.0,0.0,0.0,
0.91589,0.65578,0.46622,0.31485,0.20643,0.13459,0.08421,0.05205,0.0332,0.02084,0.01319,0.00774,0.00455,0.0,0.0,0.0,0.0,0.0,0.0,0.0,0.0,0.0,0.0,0.0,0.0,0.0,0.0,0.0,0.0,0.0,0.0,0.0,0.0,0.0,0.0,0.0,0.0,0.0,0.0,0.0,0.0,0.0,0.0,0.0,0.0,0.0,0.0,0.0,0.0,0.0,0.0,0.0,0.0,0.0,0.0,0.0,0.0,0.0,0.0,0.0,0.0,0.0,0.0,0.0,0.0,0.0,0.0,0.0,0.0,0.0,0.0,0.0,0.0,0.0,0.0,0.0,0.0,0.0,0.0,0.0,0.0,0.0,0.0,0.0,0.0,0.0,0.0,0.0,0.0,0.0,0.0,0.0,0.0,0.0,0.0,0.0,0.0,0.0,0.0,0.0,
0.97232,0.78532,0.64035,0.47871,0.35723,0.2544,0.18215,0.12342,0.08511,0.05673,0.03935,0.02562,0.01727,0.01127,0.00803,0.00441,0.0,0.0,0.0,0.0,0.0,0.0,0.0,0.0,0.0,0.0,0.0,0.0,0.0,0.0,0.0,0.0,0.0,0.0,0.0,0.0,0.0,0.0,0.0,0.0,0.0,0.0,0.0,0.0,0.0,0.0,0.0,0.0,0.0,0.0,0.0,0.0,0.0,0.0,0.0,0.0,0.0,0.0,0.0,0.0,0.0,0.0,0.0,0.0,0.0,0.0,0.0,0.0,0.0,0.0,0.0,0.0,0.0,0.0,0.0,0.0,0.0,0.0,0.0,0.0,0.0,0.0,0.0,0.0,0.0,0.0,0.0,0.0,0.0,0.0,0.0,0.0,0.0,0.0,0.0,0.0,0.0,0.0,0.0,0.0,
0.98973,0.88955,0.77251,0.63941,0.50613,0.39557,0.2967,0.22212,0.15968,0.11792,0.08172,0.05987,0.04122,0.0291,0.01941,0.01351,0.00851,0.00597,0.00393,0.0,0.0,0.0,0.0,0.0,0.0,0.0,0.0,0.0,0.0,0.0,0.0,0.0,0.0,0.0,0.0,0.0,0.0,0.0,0.0,0.0,0.0,0.0,0.0,0.0,0.0,0.0,0.0,0.0,0.0,0.0,0.0,0.0,0.0,0.0,0.0,0.0,0.0,0.0,0.0,0.0,0.0,0.0,0.0,0.0,0.0,0.0,0.0,0.0,0.0,0.0,0.0,0.0,0.0,0.0,0.0,0.0,0.0,0.0,0.0,0.0,0.0,0.0,0.0,0.0,0.0,0.0,0.0,0.0,0.0,0.0,0.0,0.0,0.0,0.0,0.0,0.0,0.0,0.0,0.0,0.0,
0.99701,0.93584,0.856,0.74661,0.63666,0.52331,0.42309,0.32806,0.25766,0.19401,0.14825,0.1072,0.07898,0.05692,0.04089,0.02899,0.02114,0.01453,0.01058,0.00663,0.00511,0.00339,0.0,0.0,0.0,0.0,0.0,0.0,0.0,0.0,0.0,0.0,0.0,0.0,0.0,0.0,0.0,0.0,0.0,0.0,0.0,0.0,0.0,0.0,0.0,0.0,0.0,0.0,0.0,0.0,0.0,0.0,0.0,0.0,0.0,0.0,0.0,0.0,0.0,0.0,0.0,0.0,0.0,0.0,0.0,0.0,0.0,0.0,0.0,0.0,0.0,0.0,0.0,0.0,0.0,0.0,0.0,0.0,0.0,0.0,0.0,0.0,0.0,0.0,0.0,0.0,0.0,0.0,0.0,0.0,0.0,0.0,0.0,0.0,0.0,0.0,0.0,0.0,0.0,0.0,
0.99899,0.96638,0.90837,0.83276,0.73959,0.64053,0.53569,0.44615,0.35772,0.28572,0.22053,0.17372,0.12898,0.09929,0.07357,0.05468,0.03875,0.02943,0.02136,0.01511,0.01037,0.00769,0.00552,0.00373,0.0,0.0,0.0,0.0,0.0,0.0,0.0,0.0,0.0,0.0,0.0,0.0,0.0,0.0,0.0,0.0,0.0,0.0,0.0,0.0,0.0,0.0,0.0,0.0,0.0,0.0,0.0,0.0,0.0,0.0,0.0,0.0,0.0,0.0,0.0,0.0,0.0,0.0,0.0,0.0,0.0,0.0,0.0,0.0,0.0,0.0,0.0,0.0,0.0,0.0,0.0,0.0,0.0,0.0,0.0,0.0,0.0,0.0,0.0,0.0,0.0,0.0,0.0,0.0,0.0,0.0,0.0,0.0,0.0,0.0,0.0,0.0,0.0,0.0,0.0,0.0,
0.99973,0.97971,0.94793,0.887,0.81779,0.73061,0.64285,0.54617,0.46266,0.37799,0.31175,0.24806,0.1968,0.1521,0.11754,0.08944,0.06838,0.05106,0.03914,0.02779,0.02077,0.01472,0.01083,0.00814,0.00558,0.00393,0.0,0.0,0.0,0.0,0.0,0.0,0.0,0.0,0.0,0.0,0.0,0.0,0.0,0.0,0.0,0.0,0.0,0.0,0.0,0.0,0.0,0.0,0.0,0.0,0.0,0.0,0.0,0.0,0.0,0.0,0.0,0.0,0.0,0.0,0.0,0.0,0.0,0.0,0.0,0.0,0.0,0.0,0.0,0.0,0.0,0.0,0.0,0.0,0.0,0.0,0.0,0.0,0.0,0.0,0.0,0.0,0.0,0.0,0.0,0.0,0.0,0.0,0.0,0.0,0.0,0.0,0.0,0.0,0.0,0.0,0.0,0.0,0.0,0.0,
0.99986,0.99064,0.96733,0.93062,0.87322,0.80835,0.72485,0.64329,0.55556,0.47746,0.40194,0.33347,0.26877,0.2199,0.17218,0.13845,0.10479,0.08224,0.06415,0.04786,0.03596,0.02655,0.02002,0.0158,0.01043,0.00778,0.00522,0.00453,0.0,0.0,0.0,0.0,0.0,0.0,0.0,0.0,0.0,0.0,0.0,0.0,0.0,0.0,0.0,0.0,0.0,0.0,0.0,0.0,0.0,0.0,0.0,0.0,0.0,0.0,0.0,0.0,0.0,0.0,0.0,0.0,0.0,0.0,0.0,0.0,0.0,0.0,0.0,0.0,0.0,0.0,0.0,0.0,0.0,0.0,0.0,0.0,0.0,0.0,0.0,0.0,0.0,0.0,0.0,0.0,0.0,0.0,0.0,0.0,0.0,0.0,0.0,0.0,0.0,0.0,0.0,0.0,0.0,0.0,0.0,0.0,
0.99995,0.99427,0.98152,0.95319,0.91518,0.85976,0.80032,0.72494,0.6516,0.56932,0.49341,0.41682,0.35417,0.28879,0.24022,0.19207,0.15413,0.12141,0.09591,0.07449,0.05933,0.04507,0.03433,0.02566,0.01886,0.0136,0.01076,0.00762,0.00597,0.00416,0.0,0.0,0.0,0.0,0.0,0.0,0.0,0.0,0.0,0.0,0.0,0.0,0.0,0.0,0.0,0.0,0.0,0.0,0.0,0.0,0.0,0.0,0.0,0.0,0.0,0.0,0.0,0.0,0.0,0.0,0.0,0.0,0.0,0.0,0.0,0.0,0.0,0.0,0.0,0.0,0.0,0.0,0.0,0.0,0.0,0.0,0.0,0.0,0.0,0.0,0.0,0.0,0.0,0.0,0.0,0.0,0.0,0.0,0.0,0.0,0.0,0.0,0.0,0.0,0.0,0.0,0.0,0.0,0.0,0.0,
0.99998,0.99706,0.98803,0.97243,0.9429,0.9056,0.85254,0.79461,0.72269,0.65546,0.57682,0.50797,0.43665,0.37226,0.31194,0.25981,0.2086,0.17236,0.13988,0.1116,0.08667,0.06852,0.05282,0.04033,0.03238,0.0247,0.01758,0.01371,0.00984,0.00777,0.00562,0.0041,0.0,0.0,0.0,0.0,0.0,0.0,0.0,0.0,0.0,0.0,0.0,0.0,0.0,0.0,0.0,0.0,0.0,0.0,0.0,0.0,0.0,0.0,0.0,0.0,0.0,0.0,0.0,0.0,0.0,0.0,0.0,0.0,0.0,0.0,0.0,0.0,0.0,0.0,0.0,0.0,0.0,0.0,0.0,0.0,0.0,0.0,0.0,0.0,0.0,0.0,0.0,0.0,0.0,0.0,0.0,0.0,0.0,0.0,0.0,0.0,0.0,0.0,0.0,0.0,0.0,0.0,0.0,0.0,
0.99999,0.9981,0.9934,0.98124,0.96304,0.93281,0.89478,0.84545,0.7885,0.72244,0.65521,0.58477,0.51593,0.45006,0.3876,0.32618,0.27791,0.22869,0.19046,0.15176,0.124,0.0981,0.07862,0.0626,0.04875,0.03787,0.02951,0.02282,0.01691,0.01297,0.00985,0.00727,0.00529,0.00373,0.0,0.0,0.0,0.0,0.0,0.0,0.0,0.0,0.0,0.0,0.0,0.0,0.0,0.0,0.0,0.0,0.0,0.0,0.0,0.0,0.0,0.0,0.0,0.0,0.0,0.0,0.0,0.0,0.0,0.0,0.0,0.0,0.0,0.0,0.0,0.0,0.0,0.0,0.0,0.0,0.0,0.0,0.0,0.0,0.0,0.0,0.0,0.0,0.0,0.0,0.0,0.0,0.0,0.0,0.0,0.0,0.0,0.0,0.0,0.0,0.0,0.0,0.0,0.0,0.0,0.0,
0.99999,0.99917,0.9962,0.98931,0.97607,0.95584,0.92608,0.88691,0.83888,0.78787,0.72182,0.66307,0.59284,0.52861,0.46094,0.40253,0.34131,0.29327,0.24436,0.203,0.1671,0.13775,0.11304,0.09015,0.07142,0.05562,0.04399,0.03525,0.02684,0.02104,0.01644,0.01232,0.00934,0.00695,0.00504,0.00399,0.0,0.0,0.0,0.0,0.0,0.0,0.0,0.0,0.0,0.0,0.0,0.0,0.0,0.0,0.0,0.0,0.0,0.0,0.0,0.0,0.0,0.0,0.0,0.0,0.0,0.0,0.0,0.0,0.0,0.0,0.0,0.0,0.0,0.0,0.0,0.0,0.0,0.0,0.0,0.0,0.0,0.0,0.0,0.0,0.0,0.0,0.0,0.0,0.0,0.0,0.0,0.0,0.0,0.0,0.0,0.0,0.0,0.0,0.0,0.0,0.0,0.0,0.0,0.0,
1.0,0.99951,0.99771,0.99311,0.98481,0.97072,0.94886,0.91817,0.88163,0.83554,0.78226,0.72401,0.66268,0.60081,0.53786,0.47157,0.41538,0.35612,0.30534,0.25872,0.21947,0.18207,0.15163,0.12384,0.09951,0.08024,0.06439,0.05095,0.04032,0.03095,0.0255,0.01977,0.01508,0.01171,0.00849,0.00674,0.00566,0.00361,0.0,0.0,0.0,0.0,0.0,0.0,0.0,0.0,0.0,0.0,0.0,0.0,0.0,0.0,0.0,0.0,0.0,0.0,0.0,0.0,0.0,0.0,0.0,0.0,0.0,0.0,0.0,0.0,0.0,0.0,0.0,0.0,0.0,0.0,0.0,0.0,0.0,0.0,0.0,0.0,0.0,0.0,0.0,0.0,0.0,0.0,0.0,0.0,0.0,0.0,0.0,0.0,0.0,0.0,0.0,0.0,0.0,0.0,0.0,0.0,0.0,0.0,
1.0,0.99984,0.9984,0.99617,0.99,0.98082,0.96527,0.94263,0.91258,0.87569,0.83473,0.78338,0.72569,0.66802,0.60365,0.54757,0.48272,0.42852,0.37122,0.3234,0.27448,0.23464,0.19661,0.16375,0.13521,0.11006,0.08929,0.07341,0.0594,0.04676,0.03725,0.03059,0.02299,0.01897,0.01466,0.01095,0.00793,0.00668,0.00482,0.0,0.0,0.0,0.0,0.0,0.0,0.0,0.0,0.0,0.0,0.0,0.0,0.0,0.0,0.0,0.0,0.0,0.0,0.0,0.0,0.0,0.0,0.0,0.0,0.0,0.0,0.0,0.0,0.0,0.0,0.0,0.0,0.0,0.0,0.0,0.0,0.0,0.0,0.0,0.0,0.0,0.0,0.0,0.0,0.0,0.0,0.0,0.0,0.0,0.0,0.0,0.0,0.0,0.0,0.0,0.0,0.0,0.0,0.0,0.0,0.0,
1.0,0.99984,0.99946,0.99743,0.99423,0.98723,0.97689,0.95966,0.93969,0.90559,0.8719,0.82863,0.78158,0.72639,0.67059,0.61311,0.55762,0.49327,0.44306,0.38224,0.33525,0.28662,0.24587,0.20812,0.17787,0.1467,0.12332,0.09861,0.08124,0.06728,0.05425,0.04248,0.03473,0.02764,0.02153,0.01692,0.01352,0.01042,0.00774,0.00592,0.00417,0.0,0.0,0.0,0.0,0.0,0.0,0.0,0.0,0.0,0.0,0.0,0.0,0.0,0.0,0.0,0.0,0.0,0.0,0.0,0.0,0.0,0.0,0.0,0.0,0.0,0.0,0.0,0.0,0.0,0.0,0.0,0.0,0.0,0.0,0.0,0.0,0.0,0.0,0.0,0.0,0.0,0.0,0.0,0.0,0.0,0.0,0.0,0.0,0.0,0.0,0.0,0.0,0.0,0.0,0.0,0.0,0.0,0.0,0.0,
1.0,0.99992,0.99951,0.99874,0.99613,0.99164,0.9836,0.97227,0.95566,0.93253,0.90249,0.86999,0.82617,0.78076,0.72836,0.67508,0.61805,0.56062,0.50432,0.45352,0.39391,0.34654,0.30232,0.26202,0.22,0.18801,0.15796,0.13168,0.10834,0.09205,0.0738,0.06005,0.04775,0.03924,0.03074,0.026,0.01987,0.01553,0.01212,0.00927,0.00716,0.00577,0.00459,0.0,0.0,0.0,0.0,0.0,0.0,0.0,0.0,0.0,0.0,0.0,0.0,0.0,0.0,0.0,0.0,0.0,0.0,0.0,0.0,0.0,0.0,0.0,0.0,0.0,0.0,0.0,0.0,0.0,0.0,0.0,0.0,0.0,0.0,0.0,0.0,0.0,0.0,0.0,0.0,0.0,0.0,0.0,0.0,0.0,0.0,0.0,0.0,0.0,0.0,0.0,0.0,0.0,0.0,0.0,0.0,0.0,
1.0,0.99995,0.99973,0.99907,0.99755,0.99431,0.98983,0.98024,0.96783,0.95127,0.92933,0.89775,0.86538,0.82527,0.78066,0.72982,0.68274,0.62085,0.56956,0.51241,0.46112,0.40945,0.36094,0.31436,0.27322,0.23395,0.19911,0.17126,0.14303,0.11794,0.09905,0.08042,0.06737,0.05375,0.04451,0.03543,0.0288,0.0224,0.01818,0.01421,0.01145,0.00894,0.00705,0.00505,0.00412,0.0,0.0,0.0,0.0,0.0,0.0,0.0,0.0,0.0,0.0,0.0,0.0,0.0,0.0,0.0,0.0,0.0,0.0,0.0,0.0,0.0,0.0,0.0,0.0,0.0,0.0,0.0,0.0,0.0,0.0,0.0,0.0,0.0,0.0,0.0,0.0,0.0,0.0,0.0,0.0,0.0,0.0,0.0,0.0,0.0,0.0,0.0,0.0,0.0,0.0,0.0,0.0,0.0,0.0,0.0,
1.0,0.99997,0.9998,0.99947,0.99843,0.99671,0.99236,0.9878,0.97825,0.96443,0.94647,0.92525,0.89541,0.86155,0.82232,0.78048,0.73169,0.68147,0.62641,0.58042,0.52265,0.47218,0.41757,0.36977,0.3253,0.28576,0.24719,0.21262,0.17956,0.15575,0.12992,0.10909,0.08887,0.07376,0.06167,0.05016,0.04128,0.03297,0.02557,0.02133,0.01561,0.01336,0.00988,0.00785,0.00653,0.0047,0.0,0.0,0.0,0.0,0.0,0.0,0.0,0.0,0.0,0.0,0.0,0.0,0.0,0.0,0.0,0.0,0.0,0.0,0.0,0.0,0.0,0.0,0.0,0.0,0.0,0.0,0.0,0.0,0.0,0.0,0.0,0.0,0.0,0.0,0.0,0.0,0.0,0.0,0.0,0.0,0.0,0.0,0.0,0.0,0.0,0.0,0.0,0.0,0.0,0.0,0.0,0.0,0.0,0.0,
1.0,0.99999,0.99996,0.99967,0.99911,0.99767,0.99576,0.99099,0.9849,0.97535,0.96258,0.94302,0.92138,0.89282,0.86039,0.82357,0.77925,0.7342,0.68601,0.63438,0.58201,0.52774,0.48299,0.43198,0.38324,0.33867,0.30158,0.25792,0.22337,0.19001,0.16359,0.1378,0.11727,0.0972,0.0804,0.06563,0.05541,0.04425,0.03775,0.03002,0.02413,0.01885,0.01643,0.01176,0.00936,0.00749,0.00594,0.00446,0.0,0.0,0.0,0.0,0.0,0.0,0.0,0.0,0.0,0.0,0.0,0.0,0.0,0.0,0.0,0.0,0.0,0.0,0.0,0.0,0.0,0.0,0.0,0.0,0.0,0.0,0.0,0.0,0.0,0.0,0.0,0.0,0.0,0.0,0.0,0.0,0.0,0.0,0.0,0.0,0.0,0.0,0.0,0.0,0.0,0.0,0.0,0.0,0.0,0.0,0.0,0.0,
1.0,0.99999,0.99994,0.99977,0.99951,0.99879,0.99659,0.99413,0.98961,0.98246,0.97187,0.95886,0.93895,0.91786,0.88952,0.85752,0.82081,0.78134,0.73559,0.69082,0.64047,0.5891,0.53688,0.49272,0.43981,0.39279,0.34664,0.30753,0.26945,0.23312,0.20118,0.17356,0.14737,0.12827,0.10518,0.08805,0.07331,0.06134,0.04958,0.04103,0.03258,0.02728,0.0218,0.0174,0.01365,0.01078,0.0092,0.00685,0.00538,0.00433,0.0,0.0,0.0,0.0,0.0,0.0,0.0,0.0,0.0,0.0,0.0,0.0,0.0,0.0,0.0,0.0,0.0,0.0,0.0,0.0,0.0,0.0,0.0,0.0,0.0,0.0,0.0,0.0,0.0,0.0,0.0,0.0,0.0,0.0,0.0,0.0,0.0,0.0,0.0,0.0,0.0,0.0,0.0,0.0,0.0,0.0,0.0,0.0,0.0,0.0,
1.0,0.99999,0.99998,0.99993,0.99958,0.99918,0.99798,0.99643,0.99314,0.98713,0.98096,0.96843,0.95533,0.9383,0.91604,0.8871,0.86038,0.81939,0.78091,0.73537,0.68896,0.6429,0.59731,0.54415,0.50036,0.44806,0.40614,0.3583,0.32036,0.28065,0.24706,0.21132,0.18223,0.15596,0.13387,0.11153,0.09463,0.07996,0.06727,0.05457,0.04605,0.03736,0.03121,0.02516,0.0201,0.01602,0.01343,0.01046,0.00827,0.0067,0.00496,0.0,0.0,0.0,0.0,0.0,0.0,0.0,0.0,0.0,0.0,0.0,0.0,0.0,0.0,0.0,0.0,0.0,0.0,0.0,0.0,0.0,0.0,0.0,0.0,0.0,0.0,0.0,0.0,0.0,0.0,0.0,0.0,0.0,0.0,0.0,0.0,0.0,0.0,0.0,0.0,0.0,0.0,0.0,0.0,0.0,0.0,0.0,0.0,0.0,
1.0,0.99999,0.99999,0.99994,0.99982,0.99945,0.99867,0.99766,0.99543,0.99218,0.98548,0.97797,0.96753,0.95343,0.93205,0.91194,0.88519,0.85408,0.81693,0.78288,0.73823,0.69547,0.6483,0.60245,0.54955,0.50924,0.45701,0.41318,0.36986,0.32868,0.29007,0.25555,0.22259,0.19351,0.16585,0.14356,0.12003,0.10303,0.08658,0.07368,0.05927,0.05073,0.04197,0.03422,0.02779,0.02276,0.01894,0.01508,0.01145,0.01002,0.00739,0.00602,0.00498,0.0,0.0,0.0,0.0,0.0,0.0,0.0,0.0,0.0,0.0,0.0,0.0,0.0,0.0,0.0,0.0,0.0,0.0,0.0,0.0,0.0,0.0,0.0,0.0,0.0,0.0,0.0,0.0,0.0,0.0,0.0,0.0,0.0,0.0,0.0,0.0,0.0,0.0,0.0,0.0,0.0,0.0,0.0,0.0,0.0,0.0,0.0,
1.0,1.0,1.0,0.99998,0.9999,0.99966,0.99934,0.99828,0.9967,0.99382,0.99002,0.98454,0.97551,0.96366,0.95121,0.93265,0.91139,0.8845,0.85267,0.81815,0.78134,0.7411,0.70017,0.6525,0.60574,0.56072,0.51572,0.4673,0.42345,0.37801,0.34049,0.29929,0.2669,0.23084,0.20225,0.17502,0.15204,0.12708,0.11037,0.0924,0.07851,0.06556,0.05448,0.04602,0.03853,0.03112,0.02508,0.02079,0.01698,0.01391,0.01136,0.00877,0.00691,0.00557,0.00447,0.0,0.0,0.0,0.0,0.0,0.0,0.0,0.0,0.0,0.0,0.0,0.0,0.0,0.0,0.0,0.0,0.0,0.0,0.0,0.0,0.0,0.0,0.0,0.0,0.0,0.0,0.0,0.0,0.0,0.0,0.0,0.0,0.0,0.0,0.0,0.0,0.0,0.0,0.0,0.0,0.0,0.0,0.0,0.0,0.0,
1.0,0.99998,1.0,0.99997,0.99993,0.99979,0.99936,0.99891,0.99811,0.99616,0.99289,0.98885,0.98206,0.97329,0.96258,0.94844,0.92858,0.90833,0.8808,0.85311,0.81632,0.78697,0.74191,0.70057,0.65439,0.61467,0.56597,0.5221,0.47663,0.43129,0.3886,0.35116,0.31045,0.27686,0.24087,0.2131,0.18485,0.16051,0.13682,0.11731,0.10102,0.08596,0.07185,0.06027,0.05127,0.04301,0.0343,0.02766,0.02257,0.01883,0.01542,0.01252,0.01017,0.00827,0.00705,0.00535,0.00393,0.0,0.0,0.0,0.0,0.0,0.0,0.0,0.0,0.0,0.0,0.0,0.0,0.0,0.0,0.0,0.0,0.0,0.0,0.0,0.0,0.0,0.0,0.0,0.0,0.0,0.0,0.0,0.0,0.0,0.0,0.0,0.0,0.0,0.0,0.0,0.0,0.0,0.0,0.0,0.0,0.0,0.0,0.0,
1.0,1.0,1.0,1.0,0.99997,0.99988,0.99959,0.99927,0.99823,0.99716,0.99513,0.99187,0.98749,0.97991,0.97165,0.9597,0.94707,0.92802,0.90503,0.87998,0.85434,0.81894,0.7851,0.74367,0.70825,0.65723,0.61945,0.5727,0.52828,0.4803,0.43972,0.3991,0.35801,0.31777,0.28658,0.25378,0.22168,0.19362,0.16955,0.14435,0.12554,0.10458,0.09149,0.07778,0.06571,0.05306,0.04482,0.03819,0.03127,0.02587,0.02189,0.01668,0.01438,0.01137,0.00947,0.00741,0.00591,0.00491,0.0,0.0,0.0,0.0,0.0,0.0,0.0,0.0,0.0,0.0,0.0,0.0,0.0,0.0,0.0,0.0,0.0,0.0,0.0,0.0,0.0,0.0,0.0,0.0,0.0,0.0,0.0,0.0,0.0,0.0,0.0,0.0,0.0,0.0,0.0,0.0,0.0,0.0,0.0,0.0,0.0,0.0,
1.0,1.0,1.0,0.99999,0.99999,0.99995,0.9998,0.99945,0.99908,0.99788,0.99626,0.99467,0.99106,0.98631,0.97931,0.97103,0.95868,0.94389,0.9258,0.90486,0.87906,0.85192,0.8198,0.7851,0.74962,0.70823,0.66572,0.62581,0.58026,0.53588,0.48957,0.45159,0.40598,0.36992,0.32814,0.29405,0.25974,0.23089,0.2016,0.17742,0.15212,0.13179,0.11208,0.09594,0.08213,0.07056,0.05832,0.05051,0.04067,0.03515,0.02799,0.02388,0.01959,0.01597,0.013,0.01045,0.00824,0.00696,0.00551,0.00445,0.0,0.0,0.0,0.0,0.0,0.0,0.0,0.0,0.0,0.0,0.0,0.0,0.0,0.0,0.0,0.0,0.0,0.0,0.0,0.0,0.0,0.0,0.0,0.0,0.0,0.0,0.0,0.0,0.0,0.0,0.0,0.0,0.0,0.0,0.0,0.0,0.0,0.0,0.0,0.0,
1.0,1.0,1.0,1.0,0.99998,0.99996,0.99988,0.99978,0.99932,0.99882,0.99778,0.9958,0.99362,0.9898,0.98436,0.97677,0.96886,0.95595,0.94349,0.92447,0.90318,0.87636,0.85154,0.8183,0.78651,0.74711,0.71471,0.66925,0.62848,0.58058,0.54486,0.49783,0.45859,0.41524,0.37915,0.33727,0.303,0.2702,0.24266,0.21146,0.1832,0.16045,0.1403,0.12025,0.10394,0.08837,0.07432,0.06507,0.05331,0.04531,0.03813,0.03045,0.02627,0.02165,0.01783,0.01455,0.01142,0.00951,0.00866,0.00625,0.00542,0.0045,0.0,0.0,0.0,0.0,0.0,0.0,0.0,0.0,0.0,0.0,0.0,0.0,0.0,0.0,0.0,0.0,0.0,0.0,0.0,0.0,0.0,0.0,0.0,0.0,0.0,0.0,0.0,0.0,0.0,0.0,0.0,0.0,0.0,0.0,0.0,0.0,0.0,0.0,
1.0,1.0,0.99999,1.0,0.99998,0.99996,0.99991,0.99981,0.99964,0.99925,0.99848,0.9973,0.99564,0.99298,0.98814,0.9834,0.97597,0.96724,0.95465,0.94176,0.92237,0.90316,0.87625,0.85048,0.82063,0.78721,0.7494,0.71512,0.67241,0.63223,0.59101,0.54916,0.50489,0.46369,0.4228,0.38793,0.34662,0.31356,0.27933,0.24855,0.21833,0.19347,0.16919,0.14723,0.1262,0.11197,0.0927,0.08117,0.06869,0.05893,0.04954,0.04173,0.03333,0.02893,0.02434,0.02011,0.01578,0.01311,0.01038,0.00893,0.00744,0.00586,0.00443,0.0,0.0,0.0,0.0,0.0,0.0,0.0,0.0,0.0,0.0,0.0,0.0,0.0,0.0,0.0,0.0,0.0,0.0,0.0,0.0,0.0,0.0,0.0,0.0,0.0,0.0,0.0,0.0,0.0,0.0,0.0,0.0,0.0,0.0,0.0,0.0,0.0,
1.0,1.0,1.0,1.0,1.0,0.99999,0.99996,0.99984,0.99978,0.99939,0.99895,0.99813,0.99716,0.99425,0.9922,0.9874,0.9828,0.97393,0.96534,0.95328,0.93805,0.92033,0.90125,0.8748,0.85179,0.8188,0.79028,0.75083,0.71965,0.67627,0.64018,0.59567,0.55495,0.51232,0.47309,0.43174,0.39696,0.35587,0.32235,0.29041,0.2563,0.22601,0.20186,0.17498,0.15637,0.13514,0.11665,0.09966,0.08641,0.07338,0.06283,0.05324,0.04444,0.03818,0.03248,0.02659,0.02171,0.01793,0.01536,0.01201,0.01029,0.00808,0.00616,0.00555,0.0049,0.0,0.0,0.0,0.0,0.0,0.0,0.0,0.0,0.0,0.0,0.0,0.0,0.0,0.0,0.0,0.0,0.0,0.0,0.0,0.0,0.0,0.0,0.0,0.0,0.0,0.0,0.0,0.0,0.0,0.0,0.0,0.0,0.0,0.0,0.0,
1.0,1.0,1.0,1.0,0.99999,0.99999,0.99998,0.99995,0.99985,0.9998,0.99927,0.99884,0.99793,0.99644,0.99413,0.99153,0.98637,0.9815,0.97297,0.96442,0.95146,0.93755,0.919,0.90133,0.87795,0.85077,0.81858,0.78969,0.7543,0.71915,0.68036,0.64092,0.59857,0.56301,0.51662,0.47914,0.44006,0.40307,0.36473,0.33217,0.29657,0.26499,0.23594,0.20903,0.18367,0.15999,0.14059,0.12404,0.10621,0.09268,0.078,0.06691,0.05536,0.04947,0.04019,0.03497,0.02887,0.02464,0.02041,0.01728,0.01363,0.0115,0.00903,0.00769,0.00582,0.00512,0.00395,0.0,0.0,0.0,0.0,0.0,0.0,0.0,0.0,0.0,0.0,0.0,0.0,0.0,0.0,0.0,0.0,0.0,0.0,0.0,0.0,0.0,0.0,0.0,0.0,0.0,0.0,0.0,0.0,0.0,0.0,0.0,0.0,0.0,
1.0,1.0,1.0,1.0,0.99998,1.0,0.99999,0.99994,0.99988,0.9997,0.99952,0.99903,0.99855,0.99766,0.99572,0.99318,0.99087,0.98625,0.97963,0.97185,0.96295,0.95062,0.93617,0.91861,0.89884,0.87373,0.84919,0.82185,0.78932,0.75483,0.72333,0.68534,0.64636,0.60561,0.57054,0.52868,0.49149,0.44601,0.41127,0.37165,0.33989,0.30576,0.2759,0.24413,0.21609,0.19239,0.16868,0.14888,0.12802,0.11238,0.09774,0.08506,0.0734,0.06197,0.05241,0.04459,0.03848,0.03122,0.02591,0.02261,0.01837,0.01506,0.01322,0.01087,0.00819,0.0065,0.00562,0.00433,0.0,0.0,0.0,0.0,0.0,0.0,0.0,0.0,0.0,0.0,0.0,0.0,0.0,0.0,0.0,0.0,0.0,0.0,0.0,0.0,0.0,0.0,0.0,0.0,0.0,0.0,0.0,0.0,0.0,0.0,0.0,0.0,
1.0,1.0,1.0,1.0,1.0,1.0,0.99999,0.99999,0.99994,0.99988,0.99977,0.99949,0.99902,0.99833,0.99703,0.99543,0.99179,0.98961,0.984,0.97879,0.97047,0.9608,0.94745,0.93523,0.91689,0.8994,0.87379,0.8516,0.82209,0.79361,0.75831,0.72493,0.68747,0.65125,0.60992,0.57211,0.52925,0.49327,0.4534,0.41672,0.37932,0.3458,0.31367,0.28289,0.25106,0.22507,0.19928,0.1755,0.15286,0.13852,0.1189,0.10345,0.08985,0.07759,0.06689,0.05538,0.04677,0.03953,0.03448,0.02895,0.02433,0.01993,0.01624,0.01436,0.01178,0.00982,0.00803,0.00658,0.00491,0.0,0.0,0.0,0.0,0.0,0.0,0.0,0.0,0.0,0.0,0.0,0.0,0.0,0.0,0.0,0.0,0.0,0.0,0.0,0.0,0.0,0.0,0.0,0.0,0.0,0.0,0.0,0.0,0.0,0.0,0.0,
1.0,1.0,1.0,1.0,1.0,1.0,0.99999,0.99999,0.99999,0.99985,0.99985,0.99968,0.99929,0.99861,0.99777,0.99675,0.99499,0.99249,0.98933,0.98364,0.97786,0.96958,0.96008,0.94797,0.93275,0.91536,0.89787,0.87576,0.85164,0.82161,0.79152,0.75894,0.72963,0.69005,0.65646,0.61627,0.57779,0.5382,0.5029,0.46075,0.42774,0.38897,0.35483,0.32319,0.29198,0.25999,0.23373,0.20657,0.18424,0.16155,0.14261,0.12275,0.10915,0.09482,0.08222,0.06789,0.0608,0.04934,0.04448,0.03685,0.03264,0.02551,0.02091,0.01774,0.01545,0.01203,0.01011,0.00893,0.0065,0.00585,0.00484,0.0,0.0,0.0,0.0,0.0,0.0,0.0,0.0,0.0,0.0,0.0,0.0,0.0,0.0,0.0,0.0,0.0,0.0,0.0,0.0,0.0,0.0,0.0,0.0,0.0,0.0,0.0,0.0,0.0,
1.0,1.0,1.0,1.0,1.0,1.0,0.99999,0.99999,0.99997,0.99997,0.99982,0.99987,0.99953,0.99932,0.99863,0.99764,0.99598,0.99408,0.99123,0.98815,0.98201,0.97705,0.96829,0.95966,0.94646,0.93205,0.91562,0.89661,0.87219,0.85134,0.82259,0.79698,0.76017,0.73067,0.69568,0.65924,0.62139,0.58367,0.54442,0.50811,0.47028,0.43184,0.39559,0.36296,0.32923,0.2985,0.26961,0.23959,0.21439,0.19204,0.16956,0.14981,0.12996,0.11485,0.09832,0.08505,0.07363,0.06364,0.05609,0.04845,0.03932,0.03371,0.02762,0.02462,0.02058,0.01691,0.01457,0.01184,0.00947,0.00762,0.00677,0.00551,0.00467,0.0,0.0,0.0,0.0,0.0,0.0,0.0,0.0,0.0,0.0,0.0,0.0,0.0,0.0,0.0,0.0,0.0,0.0,0.0,0.0,0.0,0.0,0.0,0.0,0.0,0.0,0.0,
1.0,1.0,1.0,1.0,1.0,1.0,0.99999,1.0,1.0,0.99997,0.99992,0.99984,0.99966,0.99947,0.999,0.99825,0.99742,0.99597,0.99343,0.99108,0.98706,0.98093,0.97484,0.96717,0.95867,0.94582,0.93158,0.91418,0.899,0.87298,0.85253,0.82224,0.79643,0.7621,0.7323,0.69707,0.66272,0.62604,0.58903,0.5496,0.51063,0.47428,0.44091,0.40318,0.3717,0.33615,0.30752,0.27672,0.24843,0.22218,0.19745,0.17476,0.1556,0.13566,0.12011,0.10565,0.09181,0.07899,0.0684,0.0581,0.05022,0.04157,0.03628,0.03027,0.02579,0.02171,0.01834,0.01531,0.01304,0.01045,0.0089,0.00686,0.00582,0.0050,0.00397,0.0,0.0,0.0,0.0,0.0,0.0,0.0,0.0,0.0,0.0,0.0,0.0,0.0,0.0,0.0,0.0,0.0,0.0,0.0,0.0,0.0,0.0,0.0,0.0,0.0,
1.0,1.0,1.0,1.0,1.0,1.0,1.0,1.0,0.99997,0.99998,0.99997,0.99992,0.9998,0.99965,0.9992,0.99875,0.99793,0.99705,0.99526,0.99299,0.99031,0.98601,0.98064,0.97445,0.96459,0.95569,0.94418,0.93118,0.9144,0.89659,0.87266,0.84908,0.82365,0.79502,0.7667,0.73513,0.69845,0.6678,0.62735,0.59471,0.55452,0.52002,0.48466,0.44723,0.40883,0.378,0.34237,0.31406,0.27869,0.25401,0.23002,0.20731,0.18193,0.16317,0.14213,0.12535,0.10969,0.09718,0.08051,0.07292,0.06343,0.05408,0.045,0.04055,0.03282,0.02829,0.02299,0.01953,0.01723,0.01481,0.01142,0.00997,0.00853,0.00705,0.00574,0.00452,0.0,0.0,0.0,0.0,0.0,0.0,0.0,0.0,0.0,0.0,0.0,0.0,0.0,0.0,0.0,0.0,0.0,0.0,0.0,0.0,0.0,0.0,0.0,0.0,
1.0,1.0,1.0,1.0,1.0,1.0,1.0,0.99999,0.99999,0.99998,0.99999,0.99996,0.99987,0.9997,0.99946,0.99922,0.99844,0.998,0.99651,0.99494,0.99311,0.9894,0.98547,0.98015,0.9741,0.96515,0.95543,0.94387,0.92821,0.9134,0.89521,0.8729,0.85326,0.82568,0.79733,0.76761,0.73875,0.70286,0.67329,0.63222,0.59877,0.56258,0.52677,0.48851,0.45327,0.41952,0.38208,0.3533,0.32189,0.29151,0.26701,0.23656,0.20957,0.18793,0.16877,0.14812,0.13251,0.11385,0.10248,0.08696,0.07701,0.06501,0.05682,0.04873,0.04222,0.035,0.03029,0.02639,0.02156,0.01858,0.01559,0.01262,0.01139,0.00851,0.00724,0.0062,0.00483,0.0,0.0,0.0,0.0,0.0,0.0,0.0,0.0,0.0,0.0,0.0,0.0,0.0,0.0,0.0,0.0,0.0,0.0,0.0,0.0,0.0,0.0,0.0,
1.0,1.0,1.0,1.0,1.0,1.0,1.0,1.0,1.0,1.0,0.99998,0.99994,0.99992,0.99986,0.99962,0.9995,0.9991,0.99845,0.99743,0.99629,0.99477,0.99247,0.98862,0.98463,0.97937,0.97249,0.96472,0.95589,0.94275,0.92877,0.9122,0.89346,0.87284,0.85031,0.82718,0.80001,0.77088,0.73868,0.70502,0.67406,0.63662,0.60487,0.56808,0.53537,0.49781,0.46264,0.42406,0.39302,0.36095,0.32778,0.29649,0.26876,0.2407,0.21813,0.19424,0.17802,0.15361,0.13808,0.11999,0.10632,0.0924,0.08086,0.07064,0.06142,0.05182,0.04535,0.03864,0.03372,0.02798,0.02379,0.0205,0.01696,0.01393,0.01171,0.01069,0.00829,0.00658,0.00617,0.00429,0.0,0.0,0.0,0.0,0.0,0.0,0.0,0.0,0.0,0.0,0.0,0.0,0.0,0.0,0.0,0.0,0.0,0.0,0.0,0.0,0.0,
1.0,1.0,1.0,1.0,1.0,1.0,1.0,0.99999,1.0,0.99999,0.99999,0.99995,0.99991,0.99986,0.99983,0.99969,0.99922,0.99894,0.99856,0.99744,0.99615,0.99387,0.99182,0.98805,0.98387,0.97903,0.97114,0.96482,0.95388,0.9426,0.92754,0.91309,0.89531,0.87359,0.85277,0.82501,0.7995,0.77053,0.74212,0.70953,0.67699,0.64143,0.60678,0.57025,0.53568,0.49976,0.46694,0.43139,0.39802,0.36612,0.33452,0.30523,0.28009,0.24953,0.22886,0.20197,0.17976,0.16077,0.14371,0.12585,0.11005,0.09605,0.08423,0.07278,0.06483,0.05557,0.04784,0.04007,0.03609,0.0301,0.02597,0.02169,0.01789,0.01493,0.01295,0.01127,0.00902,0.00707,0.00628,0.00577,0.00434,0.0,0.0,0.0,0.0,0.0,0.0,0.0,0.0,0.0,0.0,0.0,0.0,0.0,0.0,0.0,0.0,0.0,0.0,0.0,
1.0,1.0,1.0,1.0,1.0,1.0,1.0,1.0,1.0,1.0,0.99998,0.99999,0.99997,0.99989,0.99986,0.99972,0.99957,0.99919,0.9988,0.99787,0.99716,0.99547,0.99386,0.99095,0.98799,0.9835,0.9781,0.97176,0.96327,0.95239,0.94077,0.92813,0.90882,0.89473,0.87253,0.85505,0.82655,0.80267,0.77572,0.74267,0.714,0.67973,0.6454,0.61339,0.57693,0.54468,0.50557,0.47513,0.4389,0.40505,0.37129,0.34321,0.31292,0.28468,0.25462,0.23412,0.20833,0.18851,0.16728,0.14932,0.13156,0.11743,0.10173,0.09076,0.07855,0.06822,0.05902,0.05062,0.04385,0.03767,0.03174,0.02732,0.02394,0.01936,0.01655,0.01443,0.01139,0.01065,0.00806,0.00736,0.00539,0.00511,0.00384,0.0,0.0,0.0,0.0,0.0,0.0,0.0,0.0,0.0,0.0,0.0,0.0,0.0,0.0,0.0,0.0,0.0,
1.0,1.0,1.0,1.0,1.0,1.0,1.0,1.0,1.0,1.0,1.0,0.99999,0.99993,0.99997,0.99983,0.99977,0.99965,0.9995,0.99899,0.99865,0.99785,0.9965,0.99518,0.99318,0.99092,0.98678,0.98357,0.97656,0.97006,0.96067,0.95211,0.93967,0.92701,0.91101,0.89532,0.87476,0.85309,0.82882,0.79976,0.77178,0.7467,0.71514,0.68606,0.64891,0.61924,0.58165,0.54934,0.51476,0.47911,0.44523,0.4128,0.37718,0.35001,0.32144,0.291,0.26213,0.24031,0.21655,0.19702,0.17418,0.15438,0.13626,0.12143,0.10649,0.09492,0.08322,0.07177,0.06279,0.05488,0.04548,0.04036,0.03369,0.03006,0.02475,0.02162,0.01765,0.01562,0.01281,0.01032,0.00902,0.00802,0.00637,0.00555,0.00458,0.0,0.0,0.0,0.0,0.0,0.0,0.0,0.0,0.0,0.0,0.0,0.0,0.0,0.0,0.0,0.0,
1.0,1.0,1.0,1.0,1.0,1.0,1.0,1.0,1.0,0.99999,1.0,0.99999,0.99999,0.99996,0.99992,0.9999,0.99981,0.99962,0.99942,0.9991,0.99826,0.9976,0.99636,0.99488,0.99288,0.99012,0.98676,0.98229,0.97651,0.96967,0.96074,0.95247,0.93893,0.9262,0.91079,0.89273,0.87295,0.85288,0.82881,0.80527,0.77637,0.74961,0.71792,0.68606,0.65522,0.62088,0.58418,0.55057,0.51969,0.48666,0.45051,0.42224,0.39104,0.35536,0.32562,0.29919,0.27068,0.24731,0.22267,0.2016,0.17866,0.16186,0.14239,0.12785,0.11025,0.09853,0.08776,0.07541,0.06457,0.05841,0.04956,0.04228,0.03779,0.03173,0.02656,0.02309,0.01947,0.01662,0.0136,0.01195,0.00995,0.0081,0.00673,0.00639,0.00501,0.00408,0.0,0.0,0.0,0.0,0.0,0.0,0.0,0.0,0.0,0.0,0.0,0.0,0.0,0.0,
1.0,1.0,1.0,1.0,1.0,1.0,1.0,1.0,1.0,1.0,0.99999,1.0,1.0,0.99995,0.99996,0.99995,0.99978,0.99973,0.99956,0.99927,0.99902,0.9983,0.99774,0.99598,0.995,0.99227,0.9899,0.98496,0.98159,0.97443,0.96829,0.96121,0.95099,0.9389,0.92617,0.91038,0.89212,0.87504,0.85632,0.83241,0.80529,0.77702,0.75153,0.72176,0.69139,0.6583,0.62464,0.59205,0.55951,0.52288,0.49179,0.4566,0.42743,0.3924,0.36582,0.33273,0.30714,0.28087,0.25271,0.22781,0.20571,0.18231,0.16731,0.14724,0.13357,0.11691,0.10572,0.08888,0.07864,0.06938,0.05975,0.05212,0.04515,0.03933,0.03449,0.02882,0.02513,0.02183,0.01845,0.01576,0.01304,0.01058,0.00894,0.00677,0.00661,0.00532,0.00468,0.0,0.0,0.0,0.0,0.0,0.0,0.0,0.0,0.0,0.0,0.0,0.0,0.0,
1.0,1.0,1.0,1.0,1.0,1.0,1.0,1.0,1.0,1.0,1.0,1.0,0.99999,0.99999,0.99998,0.99993,0.99991,0.99973,0.9997,0.99952,0.99923,0.99881,0.99781,0.99741,0.99593,0.99439,0.99215,0.98931,0.98555,0.98126,0.9755,0.96858,0.95976,0.95177,0.93844,0.92527,0.91,0.89443,0.87317,0.85455,0.83139,0.80639,0.77855,0.75237,0.72107,0.69259,0.65851,0.62972,0.59451,0.56245,0.52759,0.4957,0.46207,0.43159,0.39833,0.37121,0.33828,0.31262,0.28366,0.25913,0.2357,0.21304,0.19026,0.17282,0.1514,0.13669,0.12129,0.10773,0.0946,0.08446,0.07359,0.06403,0.05496,0.04823,0.04166,0.03528,0.03113,0.02618,0.02343,0.01985,0.01569,0.01347,0.01218,0.01022,0.00852,0.00686,0.0061,0.00474,0.0,0.0,0.0,0.0,0.0,0.0,0.0,0.0,0.0,0.0,0.0,0.0,
1.0,1.0,1.0,1.0,1.0,1.0,1.0,1.0,1.0,1.0,1.0,1.0,1.0,0.99999,0.99998,0.99997,0.99992,0.9998,0.99975,0.99966,0.99936,0.99908,0.99844,0.99772,0.99708,0.99583,0.99434,0.99124,0.98832,0.98511,0.98028,0.97442,0.96753,0.9598,0.94996,0.93809,0.9263,0.91019,0.89334,0.87285,0.85471,0.83194,0.80897,0.78184,0.75668,0.72537,0.6988,0.66381,0.63408,0.59974,0.56525,0.53197,0.50362,0.46888,0.4376,0.40453,0.37669,0.34699,0.31854,0.2925,0.26433,0.23902,0.21886,0.19624,0.1773,0.15801,0.1406,0.12478,0.11099,0.09886,0.08869,0.07706,0.06864,0.05808,0.05057,0.04272,0.03814,0.03373,0.02825,0.02419,0.02055,0.01747,0.01493,0.01277,0.01065,0.00928,0.0074,0.00659,0.00551,0.00441,0.0,0.0,0.0,0.0,0.0,0.0,0.0,0.0,0.0,0.0,
1.0,1.0,1.0,1.0,1.0,1.0,1.0,1.0,1.0,1.0,1.0,1.0,1.0,0.99998,0.99999,0.99999,0.99994,0.99993,0.99986,0.99976,0.99952,0.99925,0.99883,0.99835,0.99758,0.99676,0.99525,0.9936,0.99102,0.988,0.98366,0.97946,0.97353,0.96553,0.95879,0.94909,0.9366,0.92504,0.90993,0.89513,0.87555,0.85629,0.83325,0.80978,0.78366,0.75697,0.72932,0.69841,0.66793,0.63596,0.60507,0.57462,0.54198,0.50992,0.47574,0.44465,0.41287,0.38601,0.35174,0.32333,0.2986,0.27467,0.24612,0.22459,0.20245,0.18397,0.16212,0.14769,0.12991,0.11774,0.10264,0.09115,0.08092,0.06901,0.06267,0.05451,0.04712,0.0406,0.03522,0.02988,0.02599,0.02192,0.01924,0.01622,0.01334,0.01178,0.01025,0.00831,0.00699,0.00609,0.0049,0.0,0.0,0.0,0.0,0.0,0.0,0.0,0.0,0.0,
1.0,1.0,1.0,1.0,1.0,1.0,1.0,1.0,1.0,1.0,1.0,1.0,1.0,1.0,1.0,0.99999,0.99996,0.99993,0.99992,0.99984,0.99965,0.99964,0.99915,0.99868,0.99824,0.99745,0.99649,0.9953,0.99359,0.99079,0.98811,0.98432,0.97921,0.9741,0.96613,0.95796,0.94914,0.93668,0.92466,0.91019,0.89373,0.8759,0.85636,0.83251,0.81113,0.78312,0.76038,0.73299,0.69917,0.67097,0.63908,0.60945,0.579,0.54207,0.51438,0.48067,0.45103,0.42004,0.39035,0.35728,0.33029,0.3025,0.27864,0.25178,0.23106,0.20905,0.1899,0.16981,0.15311,0.13646,0.12141,0.10631,0.09553,0.08463,0.0743,0.06465,0.05838,0.04871,0.04373,0.03629,0.03333,0.0272,0.02404,0.01978,0.01729,0.01478,0.01296,0.00996,0.00891,0.00763,0.00647,0.0053,0.00464,0.0,0.0,0.0,0.0,0.0,0.0,0.0,
1.0,1.0,1.0,1.0,1.0,1.0,1.0,1.0,1.0,1.0,1.0,1.0,0.99999,1.0,1.0,1.0,0.99998,0.99996,0.99993,0.99984,0.99966,0.99968,0.99945,0.99918,0.99865,0.99814,0.99754,0.99649,0.9948,0.99329,0.9904,0.98753,0.98327,0.97822,0.97235,0.96653,0.9568,0.94605,0.93696,0.92462,0.90986,0.89428,0.87655,0.85869,0.83221,0.81311,0.78721,0.76286,0.73225,0.70452,0.67622,0.64286,0.61412,0.58362,0.55005,0.51864,0.4852,0.45542,0.42264,0.39453,0.36525,0.33833,0.31066,0.28384,0.25918,0.23555,0.21457,0.1968,0.17469,0.156,0.14016,0.12744,0.11309,0.10141,0.08673,0.07795,0.0676,0.06055,0.05139,0.04501,0.03969,0.03346,0.02935,0.02526,0.02295,0.01928,0.01587,0.01422,0.01209,0.00996,0.00866,0.00729,0.00629,0.00519,0.00448,0.0,0.0,0.0,0.0,0.0,
1.0,1.0,1.0,1.0,1.0,1.0,1.0,1.0,1.0,1.0,1.0,1.0,1.0,1.0,1.0,0.99999,0.99998,0.99994,0.99996,0.99992,0.99983,0.99975,0.99959,0.99936,0.99913,0.9985,0.998,0.99719,0.99594,0.99448,0.99231,0.99064,0.98633,0.9822,0.97837,0.97254,0.96509,0.95703,0.94738,0.93677,0.92428,0.90806,0.89411,0.87506,0.85844,0.83481,0.81537,0.78739,0.76398,0.73449,0.7082,0.67988,0.64718,0.61867,0.58755,0.55716,0.52601,0.49135,0.46174,0.42846,0.40079,0.37316,0.34463,0.31478,0.29259,0.26388,0.24302,0.22223,0.20163,0.17866,0.16233,0.14811,0.1305,0.11579,0.10255,0.09125,0.08226,0.07091,0.06355,0.05311,0.04938,0.04203,0.03651,0.03134,0.0272,0.0236,0.01993,0.01752,0.01464,0.01234,0.01088,0.00891,0.00762,0.00679,0.00502,0.00445,0.0,0.0,0.0,0.0,
1.0,1.0,1.0,1.0,1.0,1.0,1.0,1.0,1.0,1.0,1.0,1.0,1.0,1.0,1.0,0.99998,0.99999,1.0,0.99999,0.9999,0.99986,0.99986,0.99978,0.99958,0.99931,0.99899,0.9985,0.99777,0.99689,0.9956,0.99371,0.99257,0.98973,0.98667,0.98211,0.97785,0.97157,0.96409,0.95672,0.94654,0.93654,0.92375,0.9093,0.89584,0.87555,0.85916,0.83707,0.81415,0.79053,0.76661,0.73543,0.71242,0.68076,0.6539,0.62366,0.59078,0.55897,0.53045,0.4974,0.46571,0.43689,0.4066,0.37515,0.353,0.3228,0.29643,0.26805,0.2462,0.22827,0.20844,0.18736,0.1679,0.14908,0.13473,0.12234,0.10727,0.09544,0.08423,0.07468,0.06691,0.05878,0.05028,0.04379,0.03855,0.03276,0.02845,0.02608,0.02169,0.01879,0.0166,0.01349,0.0121,0.01006,0.0088,0.00712,0.00573,0.00474,0.0,0.0,0.0,
1.0,1.0,1.0,1.0,1.0,1.0,1.0,1.0,1.0,1.0,1.0,1.0,1.0,1.0,1.0,1.0,1.0,0.99999,0.99997,0.99995,0.99987,0.99981,0.99984,0.99965,0.99955,0.99941,0.99894,0.99813,0.99786,0.9967,0.99534,0.9936,0.99215,0.98942,0.98667,0.98169,0.97681,0.97185,0.96408,0.95659,0.94784,0.93575,0.92532,0.90922,0.89237,0.87726,0.86059,0.83725,0.81783,0.78889,0.7707,0.74106,0.71303,0.68378,0.65611,0.629,0.59457,0.56688,0.53582,0.50184,0.47468,0.44131,0.41209,0.3844,0.3558,0.33043,0.30438,0.28004,0.25464,0.22969,0.21011,0.19263,0.17433,0.15617,0.13876,0.1262,0.11174,0.09927,0.08789,0.07945,0.06897,0.06032,0.05419,0.04674,0.04103,0.03488,0.03098,0.02651,0.02273,0.01943,0.0171,0.01435,0.01236,0.01049,0.00888,0.00723,0.00655,0.00571,0.00428,0.0,
1.0,1.0,1.0,1.0,1.0,1.0,1.0,1.0,1.0,1.0,1.0,1.0,1.0,0.99999,1.0,1.0,1.0,0.99998,0.99999,0.99996,0.99996,0.99988,0.99989,0.99986,0.9995,0.99945,0.99922,0.99883,0.99826,0.9977,0.99638,0.99514,0.99314,0.99126,0.98862,0.98585,0.98127,0.97568,0.9706,0.96364,0.95549,0.94734,0.9355,0.92256,0.90876,0.89435,0.87557,0.85896,0.83795,0.81931,0.79288,0.76837,0.74243,0.71883,0.68928,0.65844,0.63105,0.59874,0.56707,0.53982,0.50781,0.47729,0.44814,0.41985,0.38894,0.36309,0.33394,0.30939,0.28121,0.26038,0.23661,0.2158,0.19766,0.17744,0.16069,0.1459,0.12977,0.11413,0.10392,0.09365,0.08237,0.07118,0.06383,0.05538,0.04765,0.04281,0.03798,0.03284,0.02836,0.02452,0.02141,0.01825,0.01615,0.01319,0.01169,0.01064,0.00819,0.00727,0.00625,0.00503,
1.0,1.0,1.0,1.0,1.0,1.0,1.0,1.0,1.0,1.0,1.0,1.0,1.0,1.0,1.0,1.0,1.0,0.99998,1.0,0.99997,0.99995,0.99996,0.99992,0.99976,0.99978,0.99959,0.99924,0.99889,0.99869,0.99816,0.99741,0.99651,0.99508,0.99323,0.99124,0.98852,0.98523,0.98055,0.97556,0.97037,0.96296,0.95541,0.94689,0.93721,0.92312,0.9104,0.89671,0.87821,0.86099,0.84089,0.81913,0.79226,0.77153,0.74562,0.71752,0.69016,0.6626,0.63283,0.6031,0.57484,0.54546,0.51342,0.4811,0.45403,0.42409,0.39287,0.37129,0.34109,0.31569,0.29017,0.26819,0.24239,0.22399,0.2013,0.18329,0.16704,0.15026,0.13455,0.12211,0.10831,0.09631,0.08484,0.07648,0.06719,0.05877,0.05127,0.04589,0.0397,0.03485,0.0296,0.02611,0.02262,0.01954,0.01593,0.01424,0.0122,0.01123,0.00898,0.00755,0.00645,
1.0,1.0,1.0,1.0,1.0,1.0,1.0,1.0,1.0,1.0,1.0,1.0,0.99999,1.0,1.0,1.0,1.0,0.99999,0.99998,0.99998,0.99997,0.99991,0.99994,0.99989,0.99983,0.99977,0.99955,0.99933,0.99901,0.99863,0.99804,0.99756,0.99631,0.99467,0.99287,0.99062,0.98825,0.98449,0.97996,0.97612,0.9701,0.96417,0.95493,0.94586,0.93376,0.92372,0.90928,0.8927,0.87832,0.86143,0.84106,0.82223,0.79487,0.77609,0.7449,0.72289,0.69499,0.66665,0.63778,0.6103,0.57992,0.55046,0.51692,0.48969,0.46088,0.43515,0.40082,0.37318,0.34337,0.32294,0.2961,0.27318,0.24923,0.22791,0.20711,0.1915,0.17021,0.15511,0.1385,0.12692,0.11001,0.10118,0.08776,0.07878,0.06933,0.06246,0.05418,0.04827,0.04155,0.03738,0.03152,0.02745,0.02407,0.02081,0.01836,0.0154,0.01351,0.01128,0.0091,0.00799,
1.0,1.0,1.0,1.0,1.0,1.0,1.0,1.0,1.0,1.0,1.0,1.0,1.0,1.0,1.0,1.0,1.0,0.99998,0.99999,1.0,0.99999,0.99997,0.99993,0.99994,0.99982,0.99978,0.99962,0.99959,0.99929,0.999,0.99853,0.99796,0.99756,0.99581,0.99474,0.99279,0.99094,0.98772,0.98548,0.98003,0.97486,0.96976,0.96248,0.95425,0.94693,0.93603,0.92178,0.9075,0.89495,0.87709,0.86084,0.84208,0.82169,0.79744,0.77639,0.75037,0.72407,0.69773,0.66855,0.63975,0.61369,0.58032,0.55666,0.52168,0.49397,0.46677,0.43587,0.40785,0.38205,0.35039,0.32594,0.30165,0.27852,0.25741,0.23544,0.21256,0.19489,0.17745,0.15809,0.14386,0.12866,0.11353,0.10495,0.09295,0.08278,0.07209,0.06431,0.05746,0.05056,0.04361,0.03849,0.03297,0.02998,0.02511,0.02226,0.01948,0.01617,0.01408,0.01257,0.01106,
1.0,1.0,1.0,1.0,1.0,1.0,1.0,1.0,1.0,1.0,1.0,1.0,1.0,1.0,1.0,1.0,1.0,0.99999,1.0,0.99999,0.99997,0.99997,0.99993,0.99997,0.99988,0.99984,0.99982,0.99963,0.99945,0.99922,0.99897,0.99839,0.99768,0.99654,0.9956,0.99412,0.99271,0.99054,0.98754,0.98377,0.98054,0.97522,0.96852,0.96162,0.95403,0.94525,0.93471,0.92338,0.90997,0.89668,0.8778,0.8635,0.84084,0.82128,0.79942,0.77871,0.75097,0.72766,0.6979,0.67397,0.64579,0.61298,0.58419,0.55756,0.52781,0.49876,0.47304,0.44222,0.41406,0.38601,0.35813,0.33507,0.30701,0.28406,0.25978,0.2385,0.2176,0.19812,0.18033,0.16483,0.14719,0.13213,0.11937,0.10757,0.09463,0.08519,0.07625,0.06736,0.05971,0.05362,0.04596,0.04116,0.03457,0.03146,0.02762,0.02327,0.02003,0.01793,0.01519,0.01258,
1.0,1.0,1.0,1.0,1.0,1.0,1.0,1.0,1.0,1.0,1.0,1.0,1.0,1.0,1.0,1.0,1.0,1.0,1.0,0.99999,0.99999,1.0,1.0,0.99998,0.9999,0.99991,0.99979,0.99959,0.99942,0.9994,0.99924,0.99864,0.9982,0.99749,0.99656,0.9956,0.9938,0.99231,0.99051,0.98683,0.98393,0.97927,0.97422,0.96971,0.96227,0.95394,0.94375,0.93425,0.92394,0.90935,0.89664,0.88006,0.86319,0.84341,0.824,0.80102,0.77594,0.75572,0.72981,0.70032,0.67824,0.65054,0.62068,0.59043,0.56298,0.53109,0.50405,0.47427,0.4462,0.41504,0.3901,0.36219,0.33716,0.31316,0.28826,0.26664,0.24383,0.22498,0.20491,0.18593,0.16957,0.15147,0.13873,0.12333,0.11197,0.09917,0.08877,0.08029,0.07142,0.06173,0.05436,0.04721,0.04211,0.03741,0.03332,0.0281,0.0252,0.02125,0.01925,0.01639,
1.0,1.0,1.0,1.0,1.0,1.0,1.0,1.0,1.0,1.0,1.0,1.0,1.0,1.0,1.0,1.0,0.99999,1.0,1.0,0.99999,1.0,0.99999,0.99999,0.99999,0.99992,0.9999,0.9999,0.99979,0.99972,0.99958,0.99941,0.99907,0.99895,0.99812,0.99745,0.99659,0.99531,0.99428,0.99185,0.98948,0.98696,0.98348,0.97889,0.97449,0.96879,0.96323,0.95402,0.94511,0.93391,0.92289,0.91049,0.89524,0.87945,0.86177,0.84384,0.82526,0.80121,0.77946,0.75481,0.73018,0.70493,0.67876,0.6482,0.62383,0.59272,0.56782,0.53754,0.51005,0.47933,0.4505,0.42581,0.39783,0.37038,0.34587,0.31774,0.29644,0.27212,0.25028,0.22964,0.21314,0.19293,0.1737,0.15782,0.14318,0.12945,0.11406,0.10178,0.09333,0.08167,0.07462,0.06526,0.06,0.05028,0.04527,0.03941,0.03467,0.03059,0.02622,0.02348,0.01881,
1.0,1.0,1.0,1.0,1.0,1.0,1.0,1.0,1.0,1.0,1.0,1.0,1.0,1.0,1.0,1.0,1.0,1.0,1.0,1.0,1.0,0.99998,1.0,0.99997,0.99997,0.99992,0.9999,0.99992,0.99975,0.99977,0.99969,0.99935,0.99907,0.99846,0.99817,0.99772,0.99635,0.99522,0.99338,0.99137,0.9895,0.98601,0.98308,0.97816,0.97471,0.96825,0.96143,0.95306,0.94538,0.935,0.92259,0.91017,0.89656,0.88022,0.86348,0.84463,0.82515,0.80433,0.7837,0.7579,0.73556,0.70984,0.68455,0.65618,0.62736,0.59683,0.57141,0.54214,0.51383,0.48264,0.458,0.42878,0.40422,0.37704,0.35086,0.32473,0.29991,0.27671,0.25837,0.23464,0.21469,0.19421,0.1787,0.16138,0.14816,0.13257,0.12046,0.1066,0.09528,0.08531,0.07741,0.0683,0.06029,0.05284,0.04738,0.04146,0.03662,0.03336,0.02865,0.02362,
1.0,1.0,1.0,1.0,1.0,1.0,1.0,1.0,1.0,1.0,1.0,1.0,1.0,1.0,1.0,1.0,1.0,1.0,1.0,1.0,1.0,0.99999,1.0,1.0,0.99996,0.99997,0.99992,0.99988,0.99987,0.99976,0.99968,0.99936,0.99917,0.99895,0.99846,0.99812,0.99709,0.9962,0.99493,0.99363,0.99188,0.98904,0.9866,0.98242,0.97917,0.97429,0.96822,0.96038,0.95315,0.94529,0.93393,0.92206,0.91097,0.8962,0.8817,0.86383,0.84581,0.82595,0.8042,0.78241,0.76034,0.73711,0.71335,0.6842,0.65729,0.63184,0.60422,0.57422,0.54928,0.51932,0.4892,0.46256,0.43119,0.40791,0.38285,0.3545,0.32945,0.30722,0.28278,0.25953,0.23888,0.2173,0.20107,0.18525,0.16593,0.15209,0.13695,0.12311,0.1123,0.09873,0.08789,0.08009,0.07053,0.06261,0.05527,0.05029,0.04347,0.03827,0.03432,0.0301,
1.0,1.0,1.0,1.0,1.0,1.0,1.0,1.0,1.0,1.0,1.0,1.0,1.0,1.0,1.0,1.0,1.0,1.0,1.0,1.0,1.0,1.0,0.99999,1.0,0.99997,0.99998,0.99995,0.99988,0.99988,0.99979,0.99974,0.99963,0.9994,0.99908,0.99885,0.99863,0.99794,0.99727,0.99618,0.9953,0.99326,0.99203,0.98971,0.98527,0.98244,0.97739,0.97372,0.96766,0.96124,0.9529,0.94396,0.93239,0.92404,0.90944,0.898,0.8801,0.86369,0.84733,0.82792,0.80614,0.78756,0.7657,0.74006,0.71185,0.68869,0.65872,0.63554,0.6059,0.57911,0.55341,0.52264,0.4924,0.46833,0.4393,0.41477,0.38631,0.3617,0.33516,0.31218,0.28707,0.26597,0.24492,0.2247,0.20444,0.18925,0.17238,0.15804,0.1402,0.12777,0.11328,0.10504,0.09345,0.08205,0.07243,0.06601,0.0556,0.05179,0.04692,0.03971,0.03438,
1.0,1.0,1.0,1.0,1.0,1.0,1.0,1.0,1.0,1.0,1.0,1.0,1.0,1.0,1.0,0.99999,1.0,1.0,1.0,1.0,0.99999,1.0,1.0,1.0,0.99998,0.99998,0.99994,0.99996,0.99993,0.99987,0.99978,0.99977,0.99954,0.99938,0.99904,0.99874,0.99831,0.99795,0.99671,0.99619,0.99482,0.99273,0.99088,0.98883,0.98581,0.98236,0.97833,0.97436,0.96684,0.96113,0.95166,0.94463,0.93426,0.92498,0.90931,0.89712,0.88251,0.86544,0.84876,0.8294,0.80702,0.78673,0.76582,0.74353,0.71575,0.69183,0.66654,0.64045,0.61135,0.58419,0.55836,0.52675,0.49651,0.47046,0.4441,0.41586,0.39293,0.36792,0.34003,0.31646,0.29047,0.27386,0.25157,0.2324,0.21114,0.19333,0.17411,0.16112,0.1443,0.13373,0.11913,0.10677,0.09372,0.08552,0.07619,0.06842,0.0614,0.05452,0.04785,0.04231,
1.0,1.0,1.0,1.0,1.0,1.0,1.0,1.0,1.0,1.0,1.0,1.0,1.0,1.0,1.0,1.0,1.0,1.0,1.0,1.0,1.0,1.0,1.0,1.0,0.99999,1.0,0.99996,0.99996,0.99995,0.99994,0.99982,0.99969,0.99967,0.99953,0.99933,0.99907,0.9987,0.99837,0.9978,0.99673,0.99555,0.99476,0.99315,0.99059,0.98884,0.98593,0.98264,0.97852,0.97262,0.96624,0.96071,0.95229,0.9454,0.93278,0.9233,0.90895,0.89654,0.88341,0.86797,0.85052,0.83116,0.80964,0.79003,0.76738,0.74228,0.71735,0.69548,0.66578,0.64245,0.61366,0.58994,0.56014,0.53338,0.50577,0.47901,0.44841,0.42423,0.39719,0.37131,0.34347,0.32392,0.29896,0.27533,0.25494,0.23429,0.21451,0.19942,0.1809,0.16644,0.15,0.13633,0.12086,0.11074,0.09761,0.09008,0.07994,0.0736,0.06433,0.05764,0.04944,
1.0,1.0,1.0,1.0,1.0,1.0,1.0,1.0,1.0,1.0,1.0,1.0,1.0,1.0,1.0,1.0,1.0,1.0,1.0,1.0,1.0,1.0,0.99999,1.0,0.99999,0.99998,0.99999,0.99998,0.99994,0.99992,0.99988,0.99984,0.99977,0.99962,0.99961,0.99925,0.99905,0.99861,0.99806,0.99769,0.99651,0.9959,0.9942,0.99294,0.99081,0.9884,0.98537,0.9814,0.97657,0.97345,0.96631,0.96123,0.95192,0.94382,0.93356,0.92149,0.91059,0.89878,0.88331,0.86792,0.84751,0.83172,0.81293,0.79194,0.76959,0.7455,0.72231,0.69945,0.66875,0.64744,0.6174,0.59324,0.5637,0.53452,0.50999,0.48425,0.45416,0.43064,0.40077,0.37818,0.3496,0.32894,0.30238,0.2797,0.26106,0.24277,0.21966,0.20272,0.18519,0.16978,0.15442,0.13847,0.12585,0.11364,0.10192,0.09378,0.08337,0.07379,0.06744,0.05946,
1.0,1.0,1.0,1.0,1.0,1.0,1.0,1.0,1.0,1.0,1.0,1.0,1.0,1.0,1.0,1.0,1.0,1.0,1.0,1.0,1.0,1.0,1.0,1.0,1.0,0.99998,1.0,0.99997,0.99997,0.99993,0.9999,0.9999,0.99987,0.99977,0.99963,0.99954,0.99934,0.99899,0.99882,0.99809,0.99739,0.99645,0.99529,0.99365,0.99271,0.99005,0.98774,0.98548,0.98105,0.97701,0.97247,0.96553,0.95948,0.9537,0.94449,0.93404,0.92363,0.91091,0.89821,0.88292,0.86994,0.85115,0.83339,0.81236,0.79133,0.77226,0.7486,0.72518,0.70236,0.67443,0.65091,0.62064,0.59499,0.56851,0.54346,0.51328,0.48518,0.46026,0.43418,0.40708,0.38052,0.35705,0.33228,0.30795,0.2886,0.26648,0.24473,0.22453,0.20912,0.18955,0.17295,0.15757,0.14384,0.12853,0.11917,0.10399,0.09552,0.08505,0.07656,0.06771,
1.0,1.0,1.0,1.0,1.0,1.0,1.0,1.0,1.0,1.0,1.0,1.0,1.0,1.0,1.0,1.0,1.0,1.0,1.0,1.0,1.0,1.0,1.0,1.0,1.0,1.0,1.0,0.99999,0.99999,0.99997,0.99995,0.99995,0.99982,0.99986,0.99981,0.99956,0.99938,0.99922,0.99889,0.99857,0.99816,0.99752,0.99656,0.99531,0.99394,0.99213,0.98999,0.98773,0.9851,0.98077,0.97682,0.97235,0.96588,0.9602,0.9514,0.94389,0.93285,0.92315,0.91159,0.89881,0.88444,0.86996,0.85133,0.8331,0.81366,0.79487,0.77129,0.7501,0.72781,0.70326,0.67703,0.65299,0.62446,0.60011,0.57034,0.5495,0.51856,0.49291,0.46499,0.43906,0.41242,0.38485,0.36264,0.34024,0.31317,0.2936,0.27197,0.24952,0.23085,0.21041,0.19573,0.17973,0.16231,0.14668,0.13494,0.12273,0.11031,0.09866,0.08869,0.07967,
1.0,1.0,1.0,1.0,1.0,1.0,1.0,1.0,1.0,1.0,1.0,1.0,1.0,1.0,1.0,1.0,1.0,1.0,1.0,1.0,1.0,1.0,1.0,0.99999,1.0,0.99999,1.0,0.99999,0.99999,0.99998,0.99996,0.99995,0.99991,0.99983,0.99984,0.99969,0.99953,0.99941,0.99919,0.9987,0.99837,0.99792,0.99736,0.99626,0.99478,0.99364,0.99262,0.98992,0.98751,0.98418,0.98056,0.97636,0.97178,0.96567,0.95985,0.95023,0.94265,0.9338,0.92492,0.91188,0.8992,0.88353,0.86933,0.85398,0.83542,0.81423,0.79742,0.77445,0.75216,0.72976,0.70781,0.68283,0.65478,0.62927,0.6024,0.57637,0.55081,0.52334,0.49648,0.46774,0.44705,0.41928,0.39513,0.36676,0.34292,0.3178,0.29942,0.27476,0.25581,0.23543,0.21705,0.19942,0.18393,0.16455,0.1518,0.13788,0.12432,0.11492,0.10209,0.09332,
1.0,1.0,1.0,1.0,1.0,1.0,1.0,1.0,1.0,1.0,1.0,1.0,1.0,1.0,1.0,1.0,1.0,1.0,1.0,1.0,1.0,1.0,1.0,1.0,1.0,0.99999,1.0,1.0,0.99998,0.99999,0.99993,0.99998,0.99994,0.99985,0.99985,0.9998,0.99974,0.99951,0.99938,0.9991,0.99851,0.9985,0.99794,0.99725,0.99592,0.99524,0.99438,0.99246,0.98952,0.98738,0.98446,0.98061,0.97601,0.97074,0.96641,0.95936,0.9521,0.94402,0.93422,0.92546,0.91209,0.89847,0.88378,0.87084,0.85281,0.83433,0.81852,0.79882,0.77536,0.75684,0.73237,0.70935,0.68504,0.65988,0.63463,0.60542,0.5772,0.55474,0.52584,0.50117,0.47165,0.44797,0.42305,0.39716,0.37146,0.34709,0.3242,0.302,0.27995,0.26029,0.24072,0.22334,0.20473,0.18768,0.16959,0.15677,0.14131,0.13116,0.11787,0.10436,
1.0,1.0,1.0,1.0,1.0,1.0,1.0,1.0,1.0,1.0,1.0,1.0,1.0,1.0,1.0,1.0,1.0,1.0,1.0,1.0,1.0,1.0,1.0,1.0,1.0,1.0,1.0,1.0,1.0,0.99999,0.99999,0.99997,0.99997,0.99994,0.99993,0.99978,0.99976,0.99964,0.99967,0.99932,0.99908,0.99889,0.99825,0.99756,0.99708,0.99634,0.99495,0.99393,0.992,0.98917,0.98698,0.98381,0.98089,0.97652,0.97087,0.96539,0.95923,0.95113,0.94331,0.93417,0.92464,0.91169,0.89875,0.88481,0.87093,0.8548,0.8381,0.81727,0.79899,0.78044,0.75699,0.73262,0.71184,0.68462,0.66019,0.63737,0.61093,0.58186,0.55979,0.53149,0.50466,0.48186,0.45355,0.42585,0.40126,0.37598,0.35161,0.32953,0.30685,0.28587,0.2641,0.24564,0.22644,0.20946,0.19087,0.1741,0.15989,0.14468,0.13427,0.11989,
1.0,1.0,1.0,1.0,1.0,1.0,1.0,1.0,1.0,1.0,1.0,1.0,1.0,1.0,1.0,1.0,1.0,1.0,1.0,1.0,1.0,1.0,1.0,1.0,1.0,1.0,1.0,1.0,1.0,0.99999,1.0,0.99999,0.99998,0.99998,0.99989,0.99991,0.99974,0.99976,0.9997,0.99945,0.9993,0.99891,0.9987,0.99805,0.99767,0.99709,0.99582,0.99457,0.99337,0.99157,0.98956,0.98693,0.9838,0.97957,0.9756,0.972,0.96578,0.95833,0.9532,0.94299,0.93619,0.92412,0.91275,0.90072,0.88431,0.87241,0.85383,0.83739,0.82132,0.8008,0.78219,0.7589,0.73579,0.7169,0.68995,0.66484,0.63849,0.61762,0.5881,0.56098,0.53649,0.5107,0.48138,0.45652,0.42973,0.40609,0.38098,0.35811,0.33612,0.3138,0.2899,0.27112,0.2518,0.23128,0.21492,0.19545,0.17827,0.1621,0.14996,0.13772,
1.0,1.0,1.0,1.0,1.0,1.0,1.0,1.0,1.0,1.0,1.0,1.0,1.0,1.0,1.0,1.0,1.0,1.0,1.0,1.0,1.0,1.0,1.0,1.0,1.0,1.0,1.0,1.0,1.0,0.99998,0.99997,0.99995,0.99996,0.99994,0.99997,0.99988,0.9999,0.99978,0.99975,0.99961,0.99935,0.99924,0.99893,0.99878,0.99823,0.99755,0.99673,0.99607,0.99465,0.99324,0.99147,0.98919,0.98629,0.98375,0.97975,0.9762,0.97117,0.96463,0.95948,0.95192,0.94422,0.9338,0.92439,0.913,0.90093,0.88628,0.87238,0.85609,0.83899,0.82073,0.80195,0.78258,0.76156,0.7395,0.71762,0.69157,0.66793,0.64368,0.61787,0.59209,0.56818,0.53935,0.5149,0.48873,0.46595,0.43882,0.41138,0.38745,0.36487,0.3391,0.31865,0.29394,0.27715,0.25461,0.23756,0.21675,0.20159,0.18294,0.16822,0.15254,
1.0,1.0,1.0,1.0,1.0,1.0,1.0,1.0,1.0,1.0,1.0,1.0,1.0,1.0,1.0,1.0,1.0,1.0,1.0,1.0,1.0,1.0,1.0,1.0,1.0,1.0,1.0,0.99999,1.0,1.0,0.99999,0.99999,0.99997,0.99999,0.99997,0.99998,0.99998,0.99984,0.99979,0.99968,0.99944,0.9996,0.99924,0.99871,0.99824,0.99785,0.9972,0.99642,0.99581,0.99422,0.99335,0.99148,0.98865,0.98614,0.98372,0.98043,0.97552,0.97045,0.96572,0.95951,0.95057,0.94422,0.93547,0.92513,0.91204,0.90068,0.8882,0.87358,0.85668,0.84053,0.82338,0.80506,0.78345,0.76202,0.74234,0.7191,0.69518,0.6714,0.64568,0.62165,0.59513,0.57178,0.54438,0.51806,0.49112,0.464,0.4404,0.41745,0.39433,0.37344,0.34467,0.32383,0.30033,0.27875,0.25828,0.24113,0.21909,0.20318,0.18935,0.17292,
1.0,1.0,1.0,1.0,1.0,1.0,1.0,1.0,1.0,1.0,1.0,1.0,1.0,1.0,1.0,1.0,1.0,1.0,1.0,1.0,1.0,1.0,1.0,1.0,1.0,1.0,1.0,1.0,0.99999,1.0,1.0,0.99999,1.0,0.99999,0.99996,0.99992,0.9999,0.99998,0.99986,0.99975,0.99969,0.99952,0.99944,0.99912,0.99898,0.99841,0.9977,0.99717,0.9966,0.99572,0.99402,0.99225,0.99149,0.98841,0.98618,0.98278,0.97995,0.97571,0.97102,0.96464,0.95919,0.951,0.94332,0.93339,0.92488,0.91311,0.90306,0.88616,0.87325,0.85846,0.84045,0.82284,0.80656,0.78543,0.76452,0.74271,0.71986,0.69775,0.67433,0.64655,0.6254,0.60007,0.57477,0.54931,0.524,0.49542,0.47203,0.44255,0.42596,0.3964,0.37351,0.35018,0.32791,0.30144,0.28147,0.2653,0.24568,0.22764,0.20957,0.19063,
1.0,1.0,1.0,1.0,1.0,1.0,1.0,1.0,1.0,1.0,1.0,1.0,1.0,1.0,1.0,1.0,1.0,1.0,1.0,1.0,1.0,1.0,1.0,1.0,0.99999,1.0,1.0,1.0,0.99999,0.99999,1.0,0.99999,1.0,0.99998,0.99998,0.99995,0.99999,0.99993,0.9999,0.99982,0.99974,0.99959,0.9996,0.99929,0.99923,0.99883,0.99808,0.99791,0.99715,0.99652,0.99545,0.99434,0.99245,0.99148,0.98848,0.9863,0.98275,0.98102,0.97538,0.97073,0.96417,0.95767,0.95214,0.94312,0.93342,0.92447,0.91322,0.90286,0.88837,0.87471,0.8577,0.84411,0.82445,0.80767,0.78783,0.76665,0.74496,0.72407,0.70073,0.6771,0.65226,0.62876,0.60497,0.57782,0.55162,0.52904,0.49963,0.4748,0.44769,0.42761,0.40356,0.38089,0.35351,0.3309,0.31021,0.28892,0.26919,0.25165,0.23202,0.21317,
1.0,1.0,1.0,1.0,1.0,1.0,1.0,1.0,1.0,1.0,1.0,1.0,1.0,1.0,1.0,1.0,1.0,1.0,1.0,1.0,1.0,1.0,1.0,1.0,1.0,1.0,1.0,1.0,1.0,1.0,1.0,1.0,0.99999,0.99998,0.99997,1.0,0.99999,0.99992,0.99991,0.99988,0.99979,0.99972,0.99976,0.99962,0.9993,0.99919,0.99881,0.99803,0.99791,0.99728,0.99609,0.99557,0.99401,0.99267,0.99103,0.98887,0.98622,0.9825,0.97926,0.97589,0.97076,0.96501,0.95897,0.95157,0.94378,0.93462,0.92509,0.91379,0.90195,0.88925,0.87622,0.85833,0.84525,0.82561,0.80925,0.78908,0.77099,0.74646,0.72638,0.70509,0.68135,0.65459,0.62958,0.6098,0.58028,0.55706,0.53003,0.50314,0.48241,0.45345,0.42848,0.40447,0.38085,0.35569,0.33808,0.31418,0.29462,0.27176,0.2535,0.23392,
1.0,1.0,1.0,1.0,1.0,1.0,1.0,1.0,1.0,1.0,1.0,1.0,1.0,1.0,1.0,1.0,1.0,1.0,1.0,1.0,1.0,1.0,1.0,1.0,1.0,1.0,1.0,1.0,1.0,0.99998,1.0,1.0,1.0,0.99999,0.99999,0.99998,0.99998,0.99993,0.99995,0.99985,0.99984,0.9998,0.99984,0.99965,0.99949,0.9992,0.99905,0.9985,0.99828,0.99797,0.997,0.99625,0.99519,0.99339,0.99222,0.99078,0.98841,0.98565,0.98289,0.97912,0.97466,0.97017,0.96402,0.95884,0.95091,0.94422,0.93638,0.92658,0.91398,0.90285,0.89221,0.87472,0.86118,0.84595,0.82864,0.8105,0.79104,0.77103,0.75392,0.73067,0.70817,0.68175,0.65589,0.636,0.61231,0.58528,0.56007,0.53545,0.5093,0.48773,0.45805,0.4372,0.41187,0.39005,0.36224,0.34336,0.31937,0.29977,0.28006,0.25863,
1.0,1.0,1.0,1.0,1.0,1.0,1.0,1.0,1.0,1.0,1.0,1.0,1.0,1.0,1.0,1.0,1.0,1.0,1.0,1.0,1.0,1.0,1.0,1.0,1.0,1.0,1.0,1.0,1.0,1.0,1.0,0.99999,0.99999,1.0,1.0,0.99999,0.99998,0.99996,0.99997,0.99997,0.9999,0.99981,0.9998,0.99978,0.99965,0.99951,0.99932,0.99908,0.99862,0.99819,0.99759,0.99708,0.99619,0.9952,0.99336,0.99247,0.99006,0.98838,0.98558,0.98245,0.97911,0.9755,0.96928,0.96386,0.95817,0.95035,0.94373,0.93309,0.92464,0.91429,0.90356,0.89047,0.87751,0.86192,0.84722,0.82902,0.81354,0.79252,0.77086,0.75132,0.73081,0.70599,0.68577,0.66101,0.63793,0.6134,0.58793,0.56354,0.53892,0.51096,0.48739,0.46739,0.43717,0.41553,0.39497,0.36862,0.34699,0.3237,0.30333,0.28603,
1.0,1.0,1.0,1.0,1.0,1.0,1.0,1.0,1.0,1.0,1.0,1.0,1.0,1.0,1.0,1.0,1.0,1.0,1.0,1.0,1.0,1.0,1.0,1.0,1.0,1.0,1.0,1.0,1.0,1.0,1.0,1.0,0.99999,1.0,1.0,1.0,0.99998,0.99995,0.99996,0.99988,0.99994,0.99991,0.99985,0.99985,0.99965,0.99958,0.99936,0.99926,0.99892,0.99852,0.9981,0.99744,0.99721,0.99582,0.99469,0.99381,0.99171,0.98995,0.98825,0.98565,0.98332,0.97921,0.97399,0.96967,0.96343,0.95836,0.95011,0.94317,0.93593,0.9241,0.91416,0.90279,0.89138,0.87829,0.86119,0.84845,0.8301,0.81301,0.7945,0.77319,0.75335,0.7333,0.70835,0.68858,0.66514,0.6411,0.61717,0.59489,0.56708,0.54464,0.51769,0.49599,0.46697,0.44769,0.4203,0.3965,0.37398,0.35298,0.33196,0.30832,
1.0,1.0,1.0,1.0,1.0,1.0,1.0,1.0,1.0,1.0,1.0,1.0,1.0,1.0,1.0,1.0,1.0,1.0,1.0,1.0,1.0,1.0,1.0,0.99999,1.0,1.0,1.0,1.0,1.0,1.0,1.0,1.0,1.0,1.0,0.99999,0.99999,0.99996,1.0,0.99997,0.99996,0.99994,0.99992,0.99983,0.99986,0.99973,0.99963,0.99957,0.9993,0.99903,0.99908,0.99878,0.99803,0.99751,0.99671,0.99614,0.99485,0.99355,0.99174,0.99002,0.98771,0.98455,0.98203,0.97851,0.97555,0.9699,0.96488,0.95828,0.95123,0.94359,0.93505,0.92577,0.91352,0.90437,0.89133,0.87787,0.86297,0.8463,0.83174,0.81421,0.79702,0.77745,0.75645,0.7365,0.71508,0.69118,0.66958,0.64447,0.61981,0.59814,0.57235,0.547,0.52335,0.49818,0.47711,0.45248,0.42597,0.40527,0.37692,0.35851,0.33446,
1.0,1.0,1.0,1.0,1.0,1.0,1.0,1.0,1.0,1.0,1.0,1.0,1.0,1.0,1.0,1.0,1.0,1.0,1.0,1.0,1.0,1.0,1.0,1.0,1.0,1.0,1.0,1.0,1.0,1.0,1.0,1.0,1.0,1.0,1.0,0.99997,0.99998,0.99999,1.0,0.99997,0.99994,0.9999,0.99993,0.99985,0.99981,0.99969,0.99973,0.99953,0.99943,0.99905,0.9989,0.99848,0.99795,0.99733,0.99656,0.99532,0.99456,0.99377,0.99164,0.9903,0.98722,0.98518,0.9821,0.97889,0.97396,0.96852,0.96446,0.95885,0.95057,0.94399,0.93524,0.92457,0.91439,0.90396,0.89111,0.87882,0.86471,0.84998,0.83369,0.8155,0.79676,0.77842,0.75714,0.73706,0.71837,0.69466,0.6719,0.65004,0.62283,0.60121,0.57727,0.55184,0.52715,0.50233,0.47926,0.45331,0.42884,0.40717,0.38207,0.36161,
1.0,1.0,1.0,1.0,1.0,1.0,1.0,1.0,1.0,1.0,1.0,1.0,1.0,1.0,1.0,1.0,1.0,1.0,1.0,1.0,1.0,1.0,1.0,1.0,1.0,1.0,1.0,1.0,1.0,1.0,1.0,1.0,1.0,1.0,1.0,1.0,0.99999,0.99999,0.99999,0.99998,0.99999,0.99999,0.99996,0.99993,0.99988,0.99981,0.99973,0.99962,0.99938,0.99924,0.99924,0.99878,0.99856,0.99784,0.99713,0.99674,0.9962,0.99492,0.99318,0.99137,0.98983,0.98675,0.98495,0.98168,0.97865,0.97409,0.96903,0.96338,0.95838,0.95122,0.94305,0.9351,0.9261,0.91381,0.90389,0.89288,0.88112,0.86582,0.85155,0.83494,0.81949,0.79982,0.77975,0.75955,0.74217,0.71908,0.69851,0.67516,0.65143,0.62864,0.60347,0.58106,0.55412,0.53193,0.50671,0.48238,0.4581,0.43235,0.41067,0.38911,
1.0,1.0,1.0,1.0,1.0,1.0,1.0,1.0,1.0,1.0,1.0,1.0,1.0,1.0,1.0,1.0,1.0,1.0,1.0,1.0,1.0,1.0,1.0,1.0,1.0,1.0,1.0,1.0,1.0,1.0,1.0,1.0,1.0,1.0,0.99999,1.0,1.0,1.0,0.99999,0.99999,1.0,0.99997,0.99997,0.9999,0.99994,0.9999,0.99976,0.99971,0.99961,0.99951,0.99923,0.99895,0.9986,0.99857,0.99774,0.9972,0.99644,0.99557,0.99478,0.99351,0.9916,0.98905,0.98701,0.98509,0.98138,0.97805,0.97382,0.96962,0.96475,0.95846,0.95055,0.94486,0.93556,0.92632,0.91493,0.90502,0.89534,0.87855,0.86509,0.85272,0.83426,0.81879,0.80144,0.78248,0.7608,0.74295,0.71873,0.69844,0.6748,0.65427,0.62971,0.60813,0.58288,0.55932,0.53339,0.51069,0.48376,0.46237,0.44083,0.41593,
1.0,1.0,1.0,1.0,1.0,1.0,1.0,1.0,1.0,1.0,1.0,1.0,1.0,1.0,1.0,1.0,1.0,1.0,1.0,1.0,1.0,1.0,1.0,1.0,1.0,1.0,1.0,1.0,1.0,1.0,1.0,1.0,1.0,1.0,1.0,1.0,1.0,1.0,0.99998,1.0,0.99998,0.99994,0.99992,0.99987,0.99992,0.99991,0.99981,0.99969,0.9997,0.99964,0.99936,0.99919,0.99904,0.99878,0.99849,0.99763,0.99717,0.99659,0.99551,0.99454,0.99349,0.99154,0.98944,0.9873,0.98501,0.98138,0.97922,0.9729,0.97082,0.96416,0.95689,0.95094,0.94455,0.93681,0.9276,0.91741,0.9054,0.89251,0.88243,0.86479,0.85147,0.83522,0.8199,0.80317,0.78394,0.76477,0.74559,0.72272,0.69968,0.68039,0.65627,0.6322,0.61213,0.58649,0.5668,0.53912,0.51466,0.49052,0.46689,0.44322,
1.0,1.0,1.0,1.0,1.0,1.0,1.0,1.0,1.0,1.0,1.0,1.0,1.0,1.0,1.0,1.0,1.0,1.0,1.0,1.0,1.0,1.0,1.0,1.0,1.0,1.0,0.99999,1.0,1.0,1.0,1.0,1.0,1.0,1.0,1.0,1.0,0.99999,0.99999,1.0,0.99999,0.99997,1.0,0.99995,0.99997,0.99999,0.99991,0.9999,0.99983,0.99986,0.99976,0.99956,0.99927,0.99911,0.99885,0.99873,0.9983,0.99782,0.99723,0.99616,0.9954,0.99431,0.99305,0.99149,0.98986,0.98702,0.98489,0.98151,0.97906,0.97335,0.96986,0.96417,0.95693,0.95185,0.94538,0.93559,0.92872,0.9173,0.90553,0.89351,0.88257,0.86737,0.85368,0.83676,0.82085,0.8016,0.78588,0.7683,0.74673,0.7228,0.7047,0.68237,0.65981,0.63401,0.61431,0.59036,0.56696,0.54329,0.51779,0.49407,0.47038,
1.0,1.0,1.0,1.0,1.0,1.0,1.0,1.0,1.0,1.0,1.0,1.0,1.0,1.0,1.0,1.0,1.0,1.0,1.0,1.0,1.0,1.0,1.0,1.0,1.0,1.0,1.0,1.0,1.0,1.0,1.0,1.0,1.0,1.0,1.0,1.0,1.0,0.99998,1.0,1.0,0.99998,0.99999,0.99998,1.0,0.99996,0.99996,0.99982,0.99987,0.9998,0.99972,0.99969,0.99942,0.99934,0.9992,0.99901,0.99859,0.99815,0.99764,0.99685,0.99656,0.99506,0.99415,0.9931,0.99117,0.98924,0.9868,0.98463,0.9815,0.97756,0.97413,0.97001,0.9642,0.95824,0.95096,0.94535,0.93515,0.92641,0.91751,0.90688,0.89419,0.88181,0.87036,0.85312,0.83766,0.8257,0.8029,0.78714,0.76849,0.74907,0.72943,0.7065,0.68523,0.66207,0.64154,0.61571,0.59205,0.5691,0.54673,0.52279,0.49809,
1.0,1.0,1.0,1.0,1.0,1.0,1.0,1.0,1.0,1.0,1.0,1.0,1.0,1.0,1.0,1.0,1.0,1.0,1.0,1.0,1.0,1.0,1.0,1.0,1.0,1.0,1.0,1.0,1.0,1.0,1.0,1.0,1.0,1.0,1.0,1.0,1.0,1.0,1.0,1.0,1.0,1.0,0.99997,0.99997,0.99997,0.99998,0.99994,0.99992,0.99979,0.99974,0.99978,0.99967,0.99948,0.99923,0.99922,0.99891,0.99861,0.99812,0.99769,0.99704,0.99608,0.99543,0.99418,0.99298,0.99098,0.98919,0.98725,0.98419,0.98122,0.97767,0.9738,0.96922,0.96322,0.95701,0.95241,0.94536,0.93647,0.92596,0.91644,0.90641,0.89443,0.88421,0.86997,0.85588,0.8403,0.8239,0.80751,0.78978,0.7709,0.75102,0.73151,0.71038,0.68607,0.66559,0.64153,0.61989,0.59843,0.57438,0.54923,0.52644,
1.0,1.0,1.0,1.0,1.0,1.0,1.0,1.0,1.0,1.0,1.0,1.0,1.0,1.0,1.0,1.0,1.0,1.0,1.0,1.0,1.0,1.0,1.0,1.0,1.0,1.0,1.0,1.0,1.0,1.0,1.0,1.0,1.0,1.0,0.99999,1.0,1.0,1.0,1.0,1.0,1.0,1.0,0.99999,0.99998,0.99997,0.99993,0.99999,0.9999,0.99995,0.99987,0.99981,0.99976,0.99967,0.99953,0.99945,0.99912,0.99879,0.9986,0.99833,0.9975,0.99692,0.99657,0.99559,0.99414,0.99227,0.99146,0.9893,0.98686,0.98433,0.9809,0.97838,0.97327,0.96879,0.96287,0.95747,0.95131,0.94428,0.93522,0.9288,0.91773,0.90692,0.89527,0.88427,0.86986,0.85753,0.84246,0.82482,0.80912,0.79133,0.77282,0.75193,0.73118,0.7117,0.68855,0.66854,0.64527,0.62343,0.59943,0.57794,0.55472,
1.0,1.0,1.0,1.0,1.0,1.0,1.0,1.0,1.0,1.0,1.0,1.0,1.0,1.0,1.0,1.0,1.0,1.0,1.0,1.0,1.0,1.0,1.0,1.0,1.0,1.0,1.0,1.0,1.0,1.0,1.0,1.0,1.0,1.0,1.0,1.0,1.0,1.0,1.0,1.0,0.99999,1.0,1.0,0.99997,0.99996,0.99998,0.99995,0.99989,0.99988,0.9999,0.99988,0.99978,0.99973,0.99962,0.99949,0.99952,0.99918,0.99879,0.99847,0.9981,0.99766,0.9969,0.9962,0.99585,0.9938,0.99273,0.99111,0.98918,0.9871,0.98373,0.98077,0.97684,0.97318,0.97033,0.96288,0.95854,0.95147,0.9455,0.93788,0.92718,0.91815,0.90746,0.89597,0.88456,0.87029,0.85575,0.84295,0.82484,0.80624,0.79179,0.77403,0.75281,0.73271,0.71454,0.69164,0.67439,0.64973,0.62761,0.60208,0.57901,
1.0,1.0,1.0,1.0,1.0,1.0,1.0,1.0,1.0,1.0,1.0,1.0,1.0,1.0,1.0,1.0,1.0,1.0,1.0,1.0,1.0,1.0,1.0,1.0,1.0,1.0,1.0,1.0,1.0,1.0,1.0,1.0,1.0,1.0,1.0,1.0,1.0,1.0,1.0,1.0,1.0,1.0,1.0,1.0,0.99999,1.0,0.99996,0.99992,0.99996,0.99989,0.99984,0.99988,0.99974,0.99973,0.99958,0.9994,0.99932,0.999,0.99895,0.99843,0.99794,0.99738,0.99704,0.99594,0.99472,0.99406,0.99263,0.99067,0.98906,0.98658,0.98414,0.98086,0.9776,0.9732,0.96948,0.96284,0.9581,0.95145,0.94523,0.93744,0.92851,0.91879,0.90679,0.89737,0.88486,0.87145,0.85897,0.84208,0.82821,0.81236,0.79404,0.77268,0.75853,0.73487,0.7174,0.69647,0.67588,0.65234,0.63064,0.60503,
1.0,1.0,1.0,1.0,1.0,1.0,1.0,1.0,1.0,1.0,1.0,1.0,1.0,1.0,1.0,1.0,1.0,1.0,1.0,1.0,1.0,1.0,1.0,1.0,1.0,1.0,1.0,1.0,1.0,1.0,1.0,1.0,1.0,1.0,1.0,1.0,1.0,1.0,1.0,1.0,1.0,1.0,1.0,1.0,0.99998,0.99998,0.99999,0.99996,0.99992,0.99992,0.99993,0.99988,0.99987,0.99974,0.99966,0.99956,0.99944,0.99925,0.999,0.99882,0.99851,0.99802,0.99712,0.99661,0.99611,0.99499,0.99429,0.99226,0.99079,0.98868,0.98636,0.98434,0.98121,0.97631,0.97352,0.96882,0.96416,0.95897,0.95236,0.94447,0.9371,0.92712,0.91844,0.90954,0.8975,0.88453,0.87179,0.8591,0.84341,0.82708,0.80969,0.79587,0.77521,0.75998,0.74122,0.71856,0.69989,0.68024,0.65474,0.63297,
1.0,1.0,1.0,1.0,1.0,1.0,1.0,1.0,1.0,1.0,1.0,1.0,1.0,1.0,1.0,1.0,1.0,1.0,1.0,1.0,1.0,1.0,1.0,1.0,1.0,1.0,1.0,1.0,1.0,1.0,1.0,1.0,1.0,1.0,1.0,1.0,1.0,1.0,0.99999,1.0,1.0,1.0,0.99999,1.0,0.99998,0.99999,1.0,0.99997,0.99994,0.99997,0.99992,0.99987,0.99986,0.9998,0.99974,0.9997,0.99951,0.99938,0.99913,0.99916,0.9989,0.99834,0.99791,0.99718,0.99691,0.9956,0.99476,0.99366,0.99223,0.99033,0.98875,0.98648,0.98292,0.98056,0.97789,0.9736,0.96873,0.96337,0.95882,0.9509,0.94423,0.93784,0.92857,0.91922,0.90989,0.89644,0.88811,0.87076,0.85988,0.84495,0.83165,0.81331,0.79802,0.77723,0.76175,0.74258,0.72192,0.70205,0.68065,0.65565,
1.0,1.0,1.0,1.0,1.0,1.0,1.0,1.0,1.0,1.0,1.0,1.0,1.0,1.0,1.0,1.0,1.0,1.0,1.0,1.0,1.0,1.0,1.0,1.0,1.0,1.0,1.0,1.0,1.0,1.0,1.0,1.0,1.0,1.0,1.0,1.0,1.0,1.0,1.0,1.0,1.0,1.0,1.0,0.99999,1.0,1.0,1.0,0.99999,0.99995,0.99995,0.99998,0.99995,0.99992,0.99982,0.99979,0.99977,0.99966,0.99947,0.9994,0.99915,0.9991,0.99871,0.99834,0.99775,0.99744,0.99683,0.99559,0.99495,0.99382,0.99246,0.99004,0.98873,0.98608,0.98362,0.98068,0.9774,0.97252,0.96891,0.9637,0.95777,0.95304,0.94407,0.93752,0.9291,0.91934,0.90932,0.8981,0.88769,0.87202,0.86153,0.84553,0.83047,0.81508,0.79939,0.78305,0.76338,0.74324,0.72497,0.69936,0.68184,
1.0,1.0,1.0,1.0,1.0,1.0,1.0,1.0,1.0,1.0,1.0,1.0,1.0,1.0,1.0,1.0,1.0,1.0,1.0,1.0,1.0,1.0,1.0,1.0,1.0,1.0,1.0,1.0,1.0,1.0,1.0,1.0,1.0,1.0,1.0,1.0,1.0,1.0,1.0,1.0,1.0,1.0,1.0,1.0,1.0,1.0,1.0,0.99999,0.99997,0.99998,0.99995,0.99993,0.99995,0.99991,0.99982,0.99976,0.99966,0.99971,0.99959,0.99957,0.99923,0.99882,0.99845,0.99821,0.99801,0.99745,0.99649,0.99567,0.99492,0.99339,0.99239,0.99049,0.98796,0.98593,0.98358,0.981,0.97714,0.97352,0.9687,0.96329,0.9582,0.95107,0.94373,0.93788,0.92975,0.92032,0.90878,0.89798,0.88695,0.87459,0.86161,0.84674,0.83335,0.81749,0.80127,0.78274,0.76576,0.74577,0.72622,0.70481,
1.0,1.0,1.0,1.0,1.0,1.0,1.0,1.0,1.0,1.0,1.0,1.0,1.0,1.0,1.0,1.0,1.0,1.0,1.0,1.0,1.0,1.0,1.0,1.0,1.0,1.0,1.0,1.0,1.0,1.0,1.0,1.0,1.0,1.0,1.0,1.0,1.0,1.0,1.0,1.0,1.0,1.0,1.0,1.0,1.0,1.0,1.0,0.99997,1.0,0.99997,0.99998,0.99998,0.99995,0.99988,0.99988,0.99983,0.9998,0.99971,0.99964,0.99955,0.99942,0.99905,0.99889,0.99863,0.99793,0.99754,0.99734,0.99616,0.99513,0.99458,0.99381,0.99189,0.99028,0.9887,0.98586,0.98339,0.98081,0.97767,0.97261,0.96793,0.96265,0.95837,0.95276,0.94484,0.93759,0.92826,0.92006,0.91026,0.90072,0.88943,0.87666,0.86453,0.84587,0.83441,0.81773,0.80337,0.78322,0.76645,0.74797,0.72766,
1.0,1.0,1.0,1.0,1.0,1.0,1.0,1.0,1.0,1.0,1.0,1.0,1.0,1.0,1.0,1.0,1.0,1.0,1.0,1.0,1.0,1.0,1.0,1.0,1.0,1.0,1.0,1.0,1.0,1.0,1.0,1.0,1.0,1.0,1.0,1.0,1.0,1.0,1.0,1.0,1.0,1.0,1.0,1.0,1.0,1.0,1.0,0.99999,1.0,0.99998,0.99996,0.99997,0.99995,0.99995,0.9999,0.99992,0.9998,0.99975,0.99962,0.99947,0.99951,0.99928,0.99912,0.99896,0.99863,0.99802,0.99775,0.99691,0.99658,0.9957,0.99446,0.99361,0.99209,0.99037,0.9878,0.98634,0.9831,0.98077,0.97729,0.97281,0.96762,0.9636,0.95865,0.95288,0.94482,0.9379,0.92965,0.92061,0.91067,0.89923,0.89075,0.87866,0.86544,0.84985,0.83474,0.82037,0.80376,0.78617,0.7686,0.74891,
1.0,1.0,1.0,1.0,1.0,1.0,1.0,1.0,1.0,1.0,1.0,1.0,1.0,1.0,1.0,1.0,1.0,1.0,1.0,1.0,1.0,1.0,1.0,1.0,1.0,1.0,1.0,1.0,1.0,1.0,1.0,1.0,1.0,1.0,1.0,1.0,1.0,1.0,1.0,1.0,1.0,1.0,1.0,1.0,0.99999,1.0,0.99998,1.0,1.0,0.99998,0.99998,0.99997,0.99998,0.99995,0.99992,0.99987,0.9998,0.99985,0.99979,0.99962,0.99964,0.99944,0.99929,0.99905,0.99876,0.99876,0.99802,0.99732,0.99695,0.99626,0.99517,0.99441,0.99329,0.99175,0.98984,0.98841,0.98616,0.98348,0.98003,0.97639,0.97211,0.96925,0.96412,0.95797,0.95277,0.9465,0.93826,0.92947,0.92247,0.91074,0.90056,0.89136,0.87767,0.86448,0.85062,0.83688,0.82207,0.80395,0.78734,0.77019,
1.0,1.0,1.0,1.0,1.0,1.0,1.0,1.0,1.0,1.0,1.0,1.0,1.0,1.0,1.0,1.0,1.0,1.0,1.0,1.0,1.0,1.0,1.0,1.0,1.0,1.0,1.0,1.0,1.0,1.0,1.0,1.0,1.0,1.0,1.0,1.0,1.0,1.0,1.0,1.0,1.0,1.0,1.0,1.0,1.0,1.0,1.0,0.99999,0.99999,0.99998,0.99999,0.99997,0.99996,0.99994,0.99988,0.99993,0.99994,0.99992,0.99975,0.99975,0.99979,0.9996,0.99948,0.99935,0.999,0.99885,0.9985,0.99811,0.99774,0.99694,0.99602,0.99561,0.99436,0.99268,0.99212,0.98981,0.98842,0.98553,0.98339,0.98018,0.97691,0.97216,0.96929,0.96469,0.95784,0.95206,0.94652,0.93925,0.93116,0.92131,0.91072,0.90127,0.89109,0.87679,0.86453,0.85282,0.83928,0.82185,0.80784,0.78869,
1.0,1.0,1.0,1.0,1.0,1.0,1.0,1.0,1.0,1.0,1.0,1.0,1.0,1.0,1.0,1.0,1.0,1.0,1.0,1.0,1.0,1.0,1.0,1.0,1.0,1.0,1.0,1.0,1.0,1.0,1.0,1.0,1.0,1.0,1.0,1.0,1.0,1.0,1.0,1.0,1.0,1.0,1.0,1.0,1.0,1.0,1.0,0.99999,1.0,0.99999,0.99999,0.99999,1.0,0.99996,0.99999,0.99993,0.99989,0.99986,0.99984,0.99981,0.99977,0.99971,0.99951,0.99945,0.99923,0.99892,0.9988,0.99843,0.99785,0.99773,0.99687,0.9962,0.99515,0.99407,0.99328,0.99194,0.99051,0.98759,0.98562,0.98348,0.98034,0.9772,0.97324,0.96892,0.96351,0.9593,0.95177,0.94671,0.93917,0.92974,0.92113,0.91142,0.90062,0.89248,0.87775,0.86383,0.85378,0.84142,0.82576,0.80762,
1.0,1.0,1.0,1.0,1.0,1.0,1.0,1.0,1.0,1.0,1.0,1.0,1.0,1.0,1.0,1.0,1.0,1.0,1.0,1.0,1.0,1.0,1.0,1.0,1.0,1.0,1.0,1.0,1.0,1.0,1.0,1.0,1.0,1.0,1.0,1.0,1.0,1.0,1.0,1.0,1.0,1.0,1.0,1.0,0.99999,1.0,1.0,1.0,1.0,1.0,0.99999,0.99998,0.99999,0.99994,1.0,0.99994,0.99995,0.99994,0.99993,0.99987,0.99974,0.99983,0.99954,0.99957,0.99939,0.9992,0.99883,0.99866,0.9986,0.99778,0.99742,0.99699,0.99637,0.99534,0.99415,0.99291,0.99162,0.9896,0.98815,0.98525,0.98281,0.97983,0.97699,0.97318,0.96864,0.96389,0.95873,0.95269,0.94699,0.93928,0.93151,0.92194,0.91182,0.9019,0.89227,0.88018,0.86778,0.85608,0.83989,0.82305,
